6.983009844590545967e+00
1.412546800670424041e+01
4.002097662522627886e+00
1.104012040251187088e+01
1.830710096376272489e+01
1.711341282051862578e+01
4.051351114156245714e+00
7.976647496995995290e+00
3.612276165437771525e+00
1.044571438671255237e+01
7.976647496995995290e+00
6.111575088700903713e+00
9.691965586631358320e+00
1.513280994347547370e+00
4.182398986377261707e+00
9.032377066919705655e+00
1.106144022114207637e+01
5.444672283305703964e+00
1.145922059587531905e+01
1.239922326986109979e+01
4.588602265506164457e+00
1.412546800670424041e+01
7.504011472331400867e+00
1.418013310274056771e+01
4.182398986377261707e+00
2.613759863426573737e+00
6.983009844590545967e+00
4.456337047223999370e+00
3.428490055258469837e+00
7.491381285624898467e+00
4.588602265506164457e+00
1.156643794999818908e+01
4.002097662522627886e+00
2.612472722611912879e+00
7.976647496995995290e+00
1.613469773424583309e+01
1.145922059587531905e+01
2.140010465337613965e+00
8.484832970280585585e+00
1.316920440754792487e+01
9.994908648729067480e+00
7.370534466461577949e+00
9.458339487336706597e+00
3.350958229797783794e+00
1.890867903108458492e+01
1.167508690081508504e+01
1.543543942140648539e+01
6.228549724504474305e+00
9.782296474744986980e+00
5.444672283305703964e+00
1.334428915065769061e+01
9.703205472517304031e+00
8.962789614922671788e+00
1.106144022114207637e+01
5.285738921077077102e+00
1.239922326986109979e+01
4.836574479073574295e+00
2.179531030228920940e+01
3.612276165437771525e+00
7.491381285624898467e+00
7.976647496995995290e+00
1.745682858500546075e+01
8.962789614922671788e+00
1.106144022114207637e+01
4.002097662522627886e+00
7.504011472331400867e+00
4.094243451044841109e+00
1.326224279242656934e+01
6.821037762761934076e+00
6.553370366764887045e+00
5.238267701104611263e+00
1.096123832789315067e+01
4.002097662522627886e+00
9.262498831702352220e+00
7.036627504121367949e+00
1.167508690081508504e+01
1.913220630258978039e+00
2.613759863426573737e+00
1.513280994347547370e+00
3.612276165437771525e+00
4.502374566691660362e+00
9.602664815844942581e+00
1.555801339708468234e+01
3.042029382121735459e+00
7.934683592063692892e+00
8.497144211371134404e+00
1.913220630258978039e+00
9.691965586631358320e+00
2.834218229293564484e+00
5.817234201434350993e+00
1.153097625851835417e+01
8.400174051672129494e+00
1.167508690081508504e+01
9.458339487336706597e+00
1.217844150158578032e+01
3.042029382121735459e+00
6.713442715606216638e+00
1.068277108860592328e+01
2.843944759621837903e+00
4.588602265506164457e+00
2.140010465337613965e+00
1.007945386889015893e+01
1.042664618538420740e+01
2.612472722611912879e+00
1.112960483988175753e+01
2.834218229293564484e+00
1.145922059587531905e+01
5.817127122086710678e+00
4.182398986377261707e+00
7.976647496995995290e+00
4.836574479073574295e+00
6.713442715606216638e+00
4.588602265506164457e+00
4.002097662522627886e+00
6.553370366764887045e+00
2.147843796288881446e+00
1.032840651893933170e+01
1.153097625851835417e+01
7.370534466461577949e+00
1.711341282051862578e+01
9.143528332059178254e+00
1.160770883774345741e+01
1.167508690081508504e+01
1.265609062076445568e+01
1.190407962470222714e+01
9.691965586631358320e+00
1.167508690081508504e+01
1.745682858500546075e+01
1.156643794999818908e+01
9.876807121165885661e+00
7.831025965363737740e+00
3.042029382121735459e+00
7.036627504121367949e+00
1.042664618538420740e+01
2.140010465337613965e+00
8.400174051672129494e+00
3.042029382121735459e+00
6.094433034981136643e+00
8.484832970280585585e+00
3.042029382121735459e+00
7.477899315228032862e+00
7.491381285624898467e+00
7.831025965363737740e+00
4.002097662522627886e+00
3.428490055258469837e+00
9.095320889450734470e+00
4.970021501184748836e+00
9.782296474744986980e+00
1.106144022114207637e+01
8.484832970280585585e+00
6.652511687261380757e+00
3.612276165437771525e+00
6.983009844590545967e+00
7.976647496995995290e+00
1.131304485778058222e+01
1.615632230769168132e+01
7.919911136271730712e+00
6.983009844590545967e+00
1.091964720509362685e+01
7.934683592063692892e+00
2.147843796288881446e+00
9.232027119896708101e+00
8.131032737106725250e+00
6.553370366764887045e+00
9.994908648729067480e+00
9.458339487336706597e+00
1.048647994786433557e+01
5.817234201434350993e+00
7.504011472331400867e+00
1.513280994347547370e+00
8.131032737106725250e+00
1.106144022114207637e+01
9.281637451032068498e+00
8.621014580445351072e+00
2.067692143825797046e+01
6.075577718325519960e+00
3.834162709511956368e+00
9.782296474744986980e+00
6.821037762761934076e+00
3.729107440028488263e+00
9.032377066919705655e+00
1.190407962470222714e+01
8.906005026176432082e+00
5.817234201434350993e+00
2.612472722611912879e+00
7.036627504121367949e+00
6.403895506056892728e+00
8.829531298905386905e+00
5.285738921077077102e+00
6.713442715606216638e+00
5.817234201434350993e+00
1.048647994786433557e+01
4.348825642799190483e+00
7.036627504121367949e+00
3.612276165437771525e+00
7.504011472331400867e+00
1.016966208463881216e+01
1.002186267762703409e+01
7.976647496995995290e+00
1.048647994786433557e+01
9.158599146995417328e+00
9.095320889450734470e+00
2.613759863426573737e+00
1.048647994786433557e+01
8.475324814025833930e+00
1.462416558324511229e+00
9.782296474744986980e+00
4.325561839486553595e+00
9.262498831702352220e+00
3.350958229797783794e+00
5.606146268441639435e+00
1.156643794999818908e+01
4.182398986377261707e+00
1.106144022114207637e+01
2.834218229293564484e+00
8.829531298905386905e+00
3.612276165437771525e+00
1.440078718924033296e+01
8.906005026176432082e+00
6.983009844590545967e+00
4.002097662522627886e+00
3.612276165437771525e+00
2.612472722611912879e+00
1.581196395504974106e+01
5.064596642272486626e+00
1.555801339708468234e+01
3.729107440028488263e+00
9.032377066919705655e+00
9.032377066919705655e+00
1.048647994786433557e+01
5.154333611252744696e+00
1.112960483988175753e+01
1.005332903414954515e+01
6.235493633470914787e+00
2.834218229293564484e+00
6.180857548267293389e+00
8.484832970280585585e+00
7.477899315228032862e+00
6.652511687261380757e+00
4.633273178771833756e+00
1.349729733388828734e+01
1.348788953707568794e+01
8.906005026176432082e+00
5.210953151551516171e+00
2.067692143825797046e+01
1.044571438671255237e+01
7.976647496995995290e+00
9.281637451032068498e+00
1.348788953707568794e+01
3.350958229797783794e+00
5.817234201434350993e+00
4.588602265506164457e+00
9.143528332059178254e+00
3.879380912946808646e+00
4.002097662522627886e+00
1.048647994786433557e+01
1.064243067425801925e+01
2.612472722611912879e+00
4.002097662522627886e+00
1.042664618538420740e+01
9.782296474744986980e+00
8.955840531867208298e+00
3.981959460673379247e+00
1.002186267762703409e+01
1.638640747293749911e+01
7.976647496995995290e+00
1.057730676250995749e+01
1.351774356519942266e+01
6.894720020717573838e+00
1.150044506763811469e+01
8.484832970280585585e+00
8.613754802888902162e+00
4.811026753554064506e+00
8.835115254953123554e+00
5.817234201434350993e+00
1.094947992416076588e+01
7.976647496995995290e+00
2.029211847226214616e+00
7.491381285624898467e+00
8.781252569739738334e+00
1.064243067425801925e+01
9.232027119896708101e+00
9.691965586631358320e+00
1.032840651893933170e+01
6.821037762761934076e+00
4.588602265506164457e+00
2.220370396296114990e+00
3.350958229797783794e+00
7.504011472331400867e+00
1.016966208463881216e+01
6.142954779328293924e+00
1.167508690081508504e+01
4.002097662522627886e+00
1.064243067425801925e+01
1.168727365501222870e+01
1.167508690081508504e+01
5.009664509808485988e+00
9.143528332059178254e+00
7.036627504121367949e+00
7.036627504121367949e+00
8.835115254953123554e+00
5.009664509808485988e+00
5.657270219437443792e+00
1.555801339708468234e+01
4.002097662522627886e+00
6.142954779328293924e+00
1.794101916127137208e+00
1.438461222024267272e+01
1.156643794999818908e+01
8.475324814025833930e+00
7.504011472331400867e+00
1.217844150158578032e+01
3.042029382121735459e+00
1.830710096376272489e+01
1.032840651893933170e+01
9.691965586631358320e+00
1.005332903414954515e+01
1.032840651893933170e+01
1.326224279242656934e+01
1.104012040251187088e+01
2.612472722611912879e+00
1.057730676250995749e+01
1.351774356519942266e+01
6.142954779328293924e+00
2.613759863426573737e+00
5.940129774082977043e+00
8.435657783436036894e+00
5.064596642272486626e+00
1.106144022114207637e+01
9.095320889450734470e+00
3.612276165437771525e+00
7.831025965363737740e+00
1.600903116521279301e+01
1.032840651893933170e+01
1.106144022114207637e+01
1.217844150158578032e+01
6.894720020717573838e+00
8.835115254953123554e+00
7.831025965363737740e+00
7.504011472331400867e+00
9.782296474744986980e+00
4.456337047223999370e+00
4.588602265506164457e+00
1.890867903108458492e+01
8.082454714277163887e+00
4.325561839486553595e+00
7.370534466461577949e+00
7.012912757922693530e+00
1.830710096376272489e+01
1.008506804623395325e+01
1.830710096376272489e+01
3.164294486580745414e+00
7.504011472331400867e+00
4.551914741560864286e+00
6.652511687261380757e+00
1.145922059587531905e+01
5.064596642272486626e+00
9.458339487336706597e+00
4.002097662522627886e+00
1.581196395504974106e+01
1.068277108860592328e+01
2.612472722611912879e+00
8.400174051672129494e+00
1.094947992416076588e+01
8.400174051672129494e+00
5.249820800616840089e+00
7.370534466461577949e+00
1.167508690081508504e+01
7.919911136271730712e+00
1.412546800670424041e+01
1.913220630258978039e+00
7.257891825494808380e+00
4.783074652404115668e+00
3.350958229797783794e+00
3.341894495388714859e+00
8.829531298905386905e+00
1.156643794999818908e+01
6.270708114366893682e+00
4.002097662522627886e+00
2.612472722611912879e+00
9.143528332059178254e+00
9.568582071898317665e+00
3.042029382121735459e+00
8.906005026176432082e+00
8.475324814025833930e+00
1.167508690081508504e+01
2.029211847226214616e+00
1.412546800670424041e+01
2.029211847226214616e+00
4.819432577964285258e+00
1.032840651893933170e+01
7.504011472331400867e+00
1.007945386889015893e+01
5.009664509808485988e+00
1.042664618538420740e+01
1.652170755271492553e+01
1.221224319200560160e+01
3.612276165437771525e+00
1.787118412852066740e+01
9.703205472517304031e+00
5.444672283305703964e+00
9.782296474744986980e+00
8.400174051672129494e+00
4.551914741560864286e+00
1.581196395504974106e+01
9.782296474744986980e+00
9.782296474744986980e+00
1.190407962470222714e+01
2.140010465337613965e+00
1.718663549078267394e+01
1.412546800670424041e+01
5.064596642272486626e+00
8.400174051672129494e+00
1.412546800670424041e+01
9.691965586631358320e+00
5.154333611252744696e+00
1.106144022114207637e+01
4.002097662522627886e+00
1.221224319200560160e+01
1.581196395504974106e+01
3.350958229797783794e+00
1.002508299751732501e+01
4.902833435902804737e+00
9.143528332059178254e+00
2.612472722611912879e+00
2.029211847226214616e+00
1.061113806307680640e+01
6.652511687261380757e+00
4.902833435902804737e+00
6.274953330948039643e+00
3.042029382121735459e+00
5.064596642272486626e+00
1.890867903108458492e+01
8.393479528830958714e+00
1.348788953707568794e+01
1.057730676250995749e+01
7.036627504121367949e+00
9.458339487336706597e+00
6.652511687261380757e+00
1.351774356519942266e+01
8.835115254953123554e+00
3.042029382121735459e+00
8.131032737106725250e+00
3.729107440028488263e+00
9.158599146995417328e+00
4.588602265506164457e+00
6.180857548267293389e+00
8.484832970280585585e+00
9.619351003162046609e-02
6.274464782755726056e+00
1.221224319200560160e+01
1.293698066264984448e+01
5.276089835544063966e+00
4.633273178771833756e+00
4.811026753554064506e+00
7.036627504121367949e+00
1.745682858500546075e+01
3.350958229797783794e+00
3.724549800869463745e+00
1.890867903108458492e+01
4.811026753554064506e+00
4.588602265506164457e+00
1.293698066264984448e+01
2.140010465337613965e+00
4.325561839486553595e+00
3.350958229797783794e+00
8.955840531867208298e+00
2.922263040793945166e+00
4.002097662522627886e+00
5.615102847534475750e+00
7.976647496995995290e+00
5.792498870424320323e+00
8.082454714277163887e+00
1.334428915065769061e+01
1.167508690081508504e+01
8.435657783436036894e+00
2.147843796288881446e+00
1.068277108860592328e+01
1.513280994347547370e+00
2.140010465337613965e+00
1.112960483988175753e+01
1.190407962470222714e+01
6.235493633470914787e+00
1.106144022114207637e+01
6.652511687261380757e+00
9.619351003162046609e-02
9.095320889450734470e+00
6.111575088700903713e+00
4.943863305039268852e+00
1.555801339708468234e+01
1.190407962470222714e+01
1.293698066264984448e+01
1.145922059587531905e+01
7.504011472331400867e+00
5.615102847534475750e+00
1.048647994786433557e+01
4.588602265506164457e+00
4.456337047223999370e+00
2.140010465337613965e+00
1.543543942140648539e+01
3.612276165437771525e+00
3.428490055258469837e+00
1.513280994347547370e+00
3.612276165437771525e+00
3.724549800869463745e+00
4.002097662522627886e+00
6.075577718325519960e+00
6.228549724504474305e+00
1.483486517350151601e+01
1.032840651893933170e+01
4.456337047223999370e+00
5.817127122086710678e+00
2.140010465337613965e+00
2.834218229293564484e+00
7.976647496995995290e+00
1.334428915065769061e+01
3.612276165437771525e+00
1.555801339708468234e+01
1.638640747293749911e+01
5.444672283305703964e+00
4.551914741560864286e+00
1.190407962470222714e+01
7.491381285624898467e+00
3.612276165437771525e+00
3.837970665669692583e+00
1.156643794999818908e+01
1.412546800670424041e+01
2.834218229293564484e+00
4.607112774666403787e+00
7.378180580137154720e+00
8.829531298905386905e+00
8.484832970280585585e+00
1.106144022114207637e+01
1.265609062076445568e+01
5.154333611252744696e+00
4.002097662522627886e+00
1.016966208463881216e+01
2.140010465337613965e+00
1.044571438671255237e+01
1.068277108860592328e+01
9.782296474744986980e+00
3.612276165437771525e+00
9.397574207039149030e+00
1.246148569300705766e+01
9.691965586631358320e+00
9.310811653952569600e+00
9.691965586631358320e+00
6.180857548267293389e+00
8.484832970280585585e+00
3.042029382121735459e+00
1.094947992416076588e+01
1.711341282051862578e+01
2.179531030228920940e+01
1.830710096376272489e+01
3.425162514847593265e+00
1.068277108860592328e+01
1.638640747293749911e+01
8.906005026176432082e+00
5.615102847534475750e+00
9.095320889450734470e+00
4.502374566691660362e+00
1.064243067425801925e+01
1.156643794999818908e+01
9.158599146995417328e+00
4.811026753554064506e+00
4.588602265506164457e+00
7.257891825494808380e+00
1.239922326986109979e+01
5.009664509808485988e+00
1.106144022114207637e+01
1.184602149213769628e+01
6.905321148756328853e+00
2.834218229293564484e+00
3.428490055258469837e+00
4.811026753554064506e+00
5.238267701104611263e+00
1.794101916127137208e+00
8.484832970280585585e+00
4.325561839486553595e+00
5.412531392177795553e+00
4.783074652404115668e+00
6.274464782755726056e+00
1.042664618538420740e+01
5.817127122086710678e+00
8.859587699080750056e+00
1.351774356519942266e+01
7.370534466461577949e+00
1.007945386889015893e+01
7.504011472331400867e+00
9.782296474744986980e+00
1.221224319200560160e+01
1.555801339708468234e+01
9.232027119896708101e+00
1.830710096376272489e+01
5.940129774082977043e+00
9.262498831702352220e+00
6.905321148756328853e+00
8.435657783436036894e+00
1.167508690081508504e+01
1.293698066264984448e+01
7.976647496995995290e+00
8.400174051672129494e+00
4.588602265506164457e+00
9.602664815844942581e+00
1.016966208463881216e+01
4.811026753554064506e+00
8.131032737106725250e+00
4.902833435902804737e+00
5.615102847534475750e+00
6.094433034981136643e+00
1.718663549078267394e+01
5.657270219437443792e+00
1.032840651893933170e+01
1.412546800670424041e+01
1.096123832789315067e+01
7.504011472331400867e+00
6.821037762761934076e+00
1.529703450554276323e+01
4.182398986377261707e+00
1.513280994347547370e+00
6.783032149765831242e+00
1.042664618538420740e+01
2.613759863426573737e+00
5.154333611252744696e+00
1.638640747293749911e+01
6.983009844590545967e+00
1.057730676250995749e+01
1.334428915065769061e+01
1.452574195794533196e+01
1.032840651893933170e+01
2.179531030228920940e+01
8.621014580445351072e+00
1.158523485108285200e+01
4.588602265506164457e+00
5.009664509808485988e+00
1.112960483988175753e+01
1.106144022114207637e+01
5.285738921077077102e+00
1.221224319200560160e+01
7.491381285624898467e+00
5.817234201434350993e+00
1.305113559536290779e+01
3.729107440028488263e+00
4.633273178771833756e+00
4.902833435902804737e+00
1.167508690081508504e+01
5.817234201434350993e+00
1.064243067425801925e+01
1.061113806307680640e+01
6.228549724504474305e+00
1.254669250803239855e+01
1.412546800670424041e+01
1.190407962470222714e+01
8.400174051672129494e+00
8.497144211371134404e+00
3.164294486580745414e+00
5.276089835544063966e+00
3.042029382121735459e+00
1.483486517350151601e+01
1.555801339708468234e+01
1.008506804623395325e+01
7.831025965363737740e+00
4.836574479073574295e+00
6.983009844590545967e+00
1.674656231496055625e+01
1.145922059587531905e+01
3.612276165437771525e+00
8.781252569739738334e+00
1.068277108860592328e+01
6.553370366764887045e+00
2.179531030228920940e+01
1.190407962470222714e+01
1.830710096376272489e+01
3.428490055258469837e+00
7.504011472331400867e+00
4.094243451044841109e+00
7.504011472331400867e+00
7.036627504121367949e+00
9.994908648729067480e+00
2.179531030228920940e+01
4.106491400036271777e+00
1.348788953707568794e+01
5.444672283305703964e+00
1.096123832789315067e+01
5.064596642272486626e+00
1.016966208463881216e+01
1.293698066264984448e+01
4.002097662522627886e+00
4.182398986377261707e+00
8.835115254953123554e+00
6.228549724504474305e+00
6.553370366764887045e+00
6.783032149765831242e+00
4.106491400036271777e+00
1.068277108860592328e+01
5.444672283305703964e+00
9.458339487336706597e+00
6.094433034981136643e+00
7.831025965363737740e+00
1.529703450554276323e+01
1.190407962470222714e+01
9.095320889450734470e+00
9.691965586631358320e+00
9.143528332059178254e+00
6.228549724504474305e+00
8.435657783436036894e+00
2.179531030228920940e+01
9.095320889450734470e+00
2.890357386336741996e+00
4.588602265506164457e+00
1.068277108860592328e+01
2.612472722611912879e+00
5.009664509808485988e+00
7.036627504121367949e+00
1.057730676250995749e+01
1.239922326986109979e+01
3.612276165437771525e+00
3.042029382121735459e+00
6.951427027591417840e+00
1.190407962470222714e+01
1.316920440754792487e+01
1.913220630258978039e+00
3.042029382121735459e+00
4.106491400036271777e+00
2.890357386336741996e+00
9.232027119896708101e+00
1.032840651893933170e+01
3.428490055258469837e+00
5.064596642272486626e+00
6.111575088700903713e+00
6.905321148756328853e+00
2.612472722611912879e+00
1.221224319200560160e+01
9.458339487336706597e+00
5.657270219437443792e+00
3.612276165437771525e+00
9.143528332059178254e+00
9.095320889450734470e+00
6.075577718325519960e+00
7.036627504121367949e+00
4.182398986377261707e+00
2.890357386336741996e+00
1.007945386889015893e+01
1.048647994786433557e+01
5.238267701104611263e+00
2.613759863426573737e+00
1.348788953707568794e+01
1.674656231496055625e+01
8.131032737106725250e+00
7.831025965363737740e+00
1.007945386889015893e+01
5.009664509808485988e+00
7.504011472331400867e+00
1.007945386889015893e+01
6.142954779328293924e+00
3.612276165437771525e+00
1.599825184648276277e+00
3.612276165437771525e+00
5.444672283305703964e+00
4.348825642799190483e+00
6.983009844590545967e+00
5.817234201434350993e+00
9.691965586631358320e+00
2.613759863426573737e+00
4.002097662522627886e+00
1.221224319200560160e+01
6.111575088700903713e+00
6.713442715606216638e+00
1.599825184648276277e+00
1.890867903108458492e+01
5.444672283305703964e+00
4.182398986377261707e+00
7.370534466461577949e+00
1.190407962470222714e+01
1.145922059587531905e+01
1.007945386889015893e+01
7.831025965363737740e+00
1.629960230619048822e+00
5.009664509808485988e+00
1.068277108860592328e+01
1.112960483988175753e+01
9.782296474744986980e+00
4.551914741560864286e+00
4.094243451044841109e+00
6.228549724504474305e+00
4.502374566691660362e+00
5.606146268441639435e+00
1.005332903414954515e+01
1.150044506763811469e+01
1.106144022114207637e+01
1.890867903108458492e+01
9.281637451032068498e+00
4.456337047223999370e+00
1.057730676250995749e+01
3.042029382121735459e+00
5.064596642272486626e+00
7.370534466461577949e+00
4.182398986377261707e+00
1.007945386889015893e+01
1.254669250803239855e+01
1.913220630258978039e+00
7.504011472331400867e+00
4.348825642799190483e+00
1.032840651893933170e+01
7.976647496995995290e+00
8.484832970280585585e+00
7.491381285624898467e+00
1.007945386889015893e+01
1.254669250803239855e+01
3.350958229797783794e+00
1.293698066264984448e+01
7.504011472331400867e+00
1.008506804623395325e+01
4.811026753554064506e+00
9.782296474744986980e+00
2.612472722611912879e+00
7.831025965363737740e+00
5.064596642272486626e+00
9.782296474744986980e+00
1.094947992416076588e+01
1.106144022114207637e+01
5.615102847534475750e+00
2.140010465337613965e+00
6.821037762761934076e+00
8.393479528830958714e+00
4.456337047223999370e+00
8.400174051672129494e+00
4.588602265506164457e+00
2.612472722611912879e+00
2.890357386336741996e+00
7.036627504121367949e+00
4.783074652404115668e+00
8.484832970280585585e+00
9.782296474744986980e+00
1.112960483988175753e+01
9.876807121165885661e+00
9.232027119896708101e+00
7.504011472331400867e+00
2.140010465337613965e+00
8.484832970280585585e+00
6.228549724504474305e+00
6.652511687261380757e+00
4.094243451044841109e+00
1.615632230769168132e+01
8.974947570691451659e+00
5.817234201434350993e+00
3.164294486580745414e+00
9.782296474744986980e+00
2.613759863426573737e+00
7.036627504121367949e+00
5.817234201434350993e+00
2.140010465337613965e+00
2.612472722611912879e+00
9.143528332059178254e+00
6.951427027591417840e+00
9.782296474744986980e+00
7.504011472331400867e+00
2.147843796288881446e+00
9.703205472517304031e+00
2.029211847226214616e+00
1.158523485108285200e+01
1.412546800670424041e+01
4.633273178771833756e+00
1.412546800670424041e+01
2.140010465337613965e+00
9.143528332059178254e+00
5.444672283305703964e+00
4.182398986377261707e+00
1.068277108860592328e+01
2.220370396296114990e+00
5.962914025600656309e+00
8.955840531867208298e+00
7.504011472331400867e+00
1.068277108860592328e+01
9.143528332059178254e+00
1.265609062076445568e+01
3.612276165437771525e+00
1.048647994786433557e+01
1.794101916127137208e+00
1.830710096376272489e+01
8.781252569739738334e+00
7.370534466461577949e+00
2.147843796288881446e+00
2.029211847226214616e+00
3.042029382121735459e+00
9.691965586631358320e+00
3.428490055258469837e+00
7.504011472331400867e+00
3.612276165437771525e+00
8.955840531867208298e+00
1.190407962470222714e+01
2.220370396296114990e+00
2.612472722611912879e+00
4.002097662522627886e+00
1.145922059587531905e+01
5.064596642272486626e+00
6.713442715606216638e+00
5.009664509808485988e+00
1.008506804623395325e+01
2.140010465337613965e+00
4.783074652404115668e+00
1.042664618538420740e+01
9.691965586631358320e+00
9.095320889450734470e+00
7.370534466461577949e+00
5.064596642272486626e+00
7.504011472331400867e+00
7.370534466461577949e+00
9.568582071898317665e+00
5.064596642272486626e+00
5.064596642272486626e+00
1.418013310274056771e+01
5.817234201434350993e+00
7.036627504121367949e+00
9.095320889450734470e+00
7.370534466461577949e+00
5.210953151551516171e+00
7.937175182004864382e+00
3.729107440028488263e+00
9.782296474744986980e+00
9.143528332059178254e+00
4.456337047223999370e+00
3.042029382121735459e+00
2.140010465337613965e+00
1.167508690081508504e+01
1.167508690081508504e+01
1.106144022114207637e+01
4.588602265506164457e+00
2.613759863426573737e+00
1.830710096376272489e+01
4.002097662522627886e+00
1.348788953707568794e+01
1.048647994786433557e+01
7.976647496995995290e+00
3.350958229797783794e+00
9.095320889450734470e+00
9.262498831702352220e+00
1.265609062076445568e+01
7.919911136271730712e+00
2.612472722611912879e+00
7.370534466461577949e+00
4.325561839486553595e+00
1.751442873966506664e+00
1.007945386889015893e+01
2.408344348890642195e+01
7.504011472331400867e+00
1.254669250803239855e+01
7.036627504121367949e+00
4.902833435902804737e+00
8.484832970280585585e+00
9.458339487336706597e+00
6.905321148756328853e+00
4.633273178771833756e+00
8.400174051672129494e+00
2.834218229293564484e+00
4.551914741560864286e+00
3.612276165437771525e+00
8.781252569739738334e+00
1.348788953707568794e+01
8.400174051672129494e+00
3.350958229797783794e+00
8.400174051672129494e+00
1.057730676250995749e+01
8.400174051672129494e+00
5.657270219437443792e+00
8.906005026176432082e+00
1.265609062076445568e+01
8.400174051672129494e+00
5.249820800616840089e+00
4.106491400036271777e+00
8.955840531867208298e+00
2.147843796288881446e+00
1.581196395504974106e+01
7.370534466461577949e+00
1.638640747293749911e+01
6.228549724504474305e+00
9.095320889450734470e+00
8.906005026176432082e+00
6.652511687261380757e+00
1.351774356519942266e+01
9.994908648729067480e+00
1.217844150158578032e+01
1.032840651893933170e+01
1.032840651893933170e+01
1.529703450554276323e+01
2.147843796288881446e+00
1.348788953707568794e+01
2.612472722611912879e+00
1.316920440754792487e+01
4.002097662522627886e+00
8.829531298905386905e+00
1.032840651893933170e+01
8.621014580445351072e+00
7.370534466461577949e+00
2.140010465337613965e+00
1.555801339708468234e+01
4.002097662522627886e+00
2.612472722611912879e+00
1.158523485108285200e+01
6.075577718325519960e+00
