6.913895402084298425e+00
1.603497588866924506e+00
1.243223342712072910e+00
4.459938979572545037e+00
5.527199967729078622e+00
5.497493392868801010e+00
2.898248107840844412e+00
6.038040050235883527e+00
3.149514721766406566e+00
3.386321161387276124e+00
1.243223342712072910e+00
3.277766900764786051e+00
4.211931045303707322e+00
1.980478170681425176e+00
4.696536167065384682e+00
4.095616379266449947e+00
4.696536167065384682e+00
1.980478170681425176e+00
2.021963746985986354e+00
5.391271860533912275e+00
6.038040050235883527e+00
5.165081963510417040e+00
4.211931045303707322e+00
1.514390557724433872e+00
1.007094377559004217e+00
3.918856751057501864e+00
9.579055851764096019e+00
2.780889157969677949e+00
5.122785579497708852e+00
2.797938401625846616e+00
3.277766900764786051e+00
3.149514721766406566e+00
3.277766900764786051e+00
5.527199967729078622e+00
4.712406659172994949e+00
6.801176135132803724e-01
3.149514721766406566e+00
3.323085634550625223e+00
1.927822263396685942e+00
4.712406659172994949e+00
2.021963746985986354e+00
1.927822263396685942e+00
2.797938401625846616e+00
2.797938401625846616e+00
1.012905352773849721e+01
4.095616379266449947e+00
3.591252263027716385e+00
3.386321161387276124e+00
4.459938979572545037e+00
5.154886875251888156e+00
3.149514721766406566e+00
5.001712661627244927e+00
1.243223342712072910e+00
3.414611267893175484e+00
2.249665934755604724e+00
2.780889157969677949e+00
5.122785579497708852e+00
5.122785579497708852e+00
6.913895402084298425e+00
3.591252263027716385e+00
5.662232535404349676e+00
1.927822263396685942e+00
4.211931045303707322e+00
6.707927322951201532e-02
4.712406659172994949e+00
2.416209866345172763e+00
2.550441741415726327e+00
3.386321161387276124e+00
1.603497588866924506e+00
4.095616379266449947e+00
2.550441741415726327e+00
3.277766900764786051e+00
5.427628269096612890e+00
5.497493392868801010e+00
5.100451607927956488e+00
3.277766900764786051e+00
1.519645428642880880e+00
3.591252263027716385e+00
2.028692862577388567e+00
4.407807078543795498e+00
3.323085634550625223e+00
5.527199967729078622e+00
3.214335650068722572e+00
1.012905352773849721e+01
2.797938401625846616e+00
3.323085634550625223e+00
3.277766900764786051e+00
1.243223342712072910e+00
2.405122338721871422e+00
2.416209866345172763e+00
4.211931045303707322e+00
4.211931045303707322e+00
3.277766900764786051e+00
5.122785579497708852e+00
3.732408249520825283e+00
4.211931045303707322e+00
3.149514721766406566e+00
5.122785579497708852e+00
4.464866958164057209e+00
1.603497588866924506e+00
4.868255629758392544e+00
1.012905352773849721e+01
6.913895402084298425e+00
4.211931045303707322e+00
3.386321161387276124e+00
5.701094286254883237e+00
4.459938979572545037e+00
2.797938401625846616e+00
5.303238357885240006e+00
2.797938401625846616e+00
3.956942556313911119e+00
3.101788406304184065e+00
5.122785579497708852e+00
5.497493392868801010e+00
3.386321161387276124e+00
2.021963746985986354e+00
3.214335650068722572e+00
4.696536167065384682e+00
3.101788406304184065e+00
4.454049485057708146e+00
1.012905352773849721e+01
2.797938401625846616e+00
6.616617669579637706e+00
3.149514721766406566e+00
5.303238357885240006e+00
3.149514721766406566e+00
5.527199967729078622e+00
3.101788406304184065e+00
2.797938401625846616e+00
2.797938401625846616e+00
1.243223342712072910e+00
3.323085634550625223e+00
4.211931045303707322e+00
3.149514721766406566e+00
1.514390557724433872e+00
4.712406659172994949e+00
5.942310491787228699e+00
3.956942556313911119e+00
3.323085634550625223e+00
2.797938401625846616e+00
4.712406659172994949e+00
1.980478170681425176e+00
5.122785579497708852e+00
2.416209866345172763e+00
2.215933756093120266e-01
2.797938401625846616e+00
4.464866958164057209e+00
2.797938401625846616e+00
2.797938401625846616e+00
5.527199967729078622e+00
2.405122338721871422e+00
2.797938401625846616e+00
5.497493392868801010e+00
3.386321161387276124e+00
5.527199967729078622e+00
4.211931045303707322e+00
6.913895402084298425e+00
5.942310491787228699e+00
4.097382273987417278e+00
4.355973240678026492e+00
5.427628269096612890e+00
5.527199967729078622e+00
1.603497588866924506e+00
5.122785579497708852e+00
3.918856751057501864e+00
4.712406659172994949e+00
6.171021048489341965e+00
3.101788406304184065e+00
3.386321161387276124e+00
1.012905352773849721e+01
2.797938401625846616e+00
6.913895402084298425e+00
4.547938312137120853e+00
5.527199967729078622e+00
1.227816858916320975e+00
3.591252263027716385e+00
4.095616379266449947e+00
4.459938979572545037e+00
2.797938401625846616e+00
5.527199967729078622e+00
2.797938401625846616e+00
2.903475160987445403e+00
5.122785579497708852e+00
2.898248107840844412e+00
1.603497588866924506e+00
3.323085634550625223e+00
6.239270102100792137e+00
5.100451607927956488e+00
2.797938401625846616e+00
3.918856751057501864e+00
1.514390557724433872e+00
2.028692862577388567e+00
5.391271860533912275e+00
4.696536167065384682e+00
4.211931045303707322e+00
6.038040050235883527e+00
5.303238357885240006e+00
2.405122338721871422e+00
3.277766900764786051e+00
1.603497588866924506e+00
5.165081963510417040e+00
2.797938401625846616e+00
5.468170471553151835e+00
5.303238357885240006e+00
2.405122338721871422e+00
3.149514721766406566e+00
5.874596090540352478e+00
3.323085634550625223e+00
4.211931045303707322e+00
2.903475160987445403e+00
4.459938979572545037e+00
7.714784552856761124e+00
7.714784552856761124e+00
5.130002205035656182e+00
2.797938401625846616e+00
4.454049485057708146e+00
2.550441741415726327e+00
5.130002205035656182e+00
3.386321161387276124e+00
3.956942556313911119e+00
4.211931045303707322e+00
2.797938401625846616e+00
2.550441741415726327e+00
1.603497588866924506e+00
5.100451607927956488e+00
3.214335650068722572e+00
2.988803940379427537e+00
3.149514721766406566e+00
5.130002205035656182e+00
1.980478170681425176e+00
5.874596090540352478e+00
5.497493392868801010e+00
5.527199967729078622e+00
9.579055851764096019e+00
1.243223342712072910e+00
3.591252263027716385e+00
2.796990956469137757e+00
2.797938401625846616e+00
5.122785579497708852e+00
3.323085634550625223e+00
7.023037438514521114e+00
2.416209866345172763e+00
3.386321161387276124e+00
1.980478170681425176e+00
4.696536167065384682e+00
6.707927322951201532e-02
5.100451607927956488e+00
1.603497588866924506e+00
5.154886875251888156e+00
5.701094286254883237e+00
5.122785579497708852e+00
3.149514721766406566e+00
2.550441741415726327e+00
5.701094286254883237e+00
3.414611267893175484e+00
2.405122338721871422e+00
2.405122338721871422e+00
4.211931045303707322e+00
1.980478170681425176e+00
4.355973240678026492e+00
3.918856751057501864e+00
1.980478170681425176e+00
2.988803940379427537e+00
1.225301830164665873e+01
3.956942556313911119e+00
5.527199967729078622e+00
2.021963746985986354e+00
2.797938401625846616e+00
3.323085634550625223e+00
2.021963746985986354e+00
5.130002205035656182e+00
1.012905352773849721e+01
5.122785579497708852e+00
2.021963746985986354e+00
4.355973240678026492e+00
2.780889157969677949e+00
4.211931045303707322e+00
7.714784552856761124e+00
4.097382273987417278e+00
2.249665934755604724e+00
2.416209866345172763e+00
2.797938401625846616e+00
3.149514721766406566e+00
3.386321161387276124e+00
3.323085634550625223e+00
5.154886875251888156e+00
6.097533306439157030e+00
5.527199967729078622e+00
3.414611267893175484e+00
4.211931045303707322e+00
5.130002205035656182e+00
4.464866958164057209e+00
5.122785579497708852e+00
2.797938401625846616e+00
2.797938401625846616e+00
1.603497588866924506e+00
1.225301830164665873e+01
2.898248107840844412e+00
6.038040050235883527e+00
1.243223342712072910e+00
5.527199967729078622e+00
5.427628269096612890e+00
2.215933756093120266e-01
2.796990956469137757e+00
5.303238357885240006e+00
4.211931045303707322e+00
4.095616379266449947e+00
1.243223342712072910e+00
3.323085634550625223e+00
3.591252263027716385e+00
1.603497588866924506e+00
2.797938401625846616e+00
1.243223342712072910e+00
2.797938401625846616e+00
5.701094286254883237e+00
3.323085634550625223e+00
1.927822263396685942e+00
3.323085634550625223e+00
5.122785579497708852e+00
2.903475160987445403e+00
4.712406659172994949e+00
3.277766900764786051e+00
4.454049485057708146e+00
6.616617669579637706e+00
5.427628269096612890e+00
2.903475160987445403e+00
3.591252263027716385e+00
2.405122338721871422e+00
2.021963746985986354e+00
2.797938401625846616e+00
2.898248107840844412e+00
4.712406659172994949e+00
1.012905352773849721e+01
7.714784552856761124e+00
3.214335650068722572e+00
2.405122338721871422e+00
3.956942556313911119e+00
3.214335650068722572e+00
4.712406659172994949e+00
2.797938401625846616e+00
4.211931045303707322e+00
2.021963746985986354e+00
2.405122338721871422e+00
3.101788406304184065e+00
2.988803940379427537e+00
4.095616379266449947e+00
4.712406659172994949e+00
5.122785579497708852e+00
2.797938401625846616e+00
5.122785579497708852e+00
5.662232535404349676e+00
1.989417484601001762e+00
4.454049485057708146e+00
2.797938401625846616e+00
3.918856751057501864e+00
1.980478170681425176e+00
4.095616379266449947e+00
1.603497588866924506e+00
4.211931045303707322e+00
2.797938401625846616e+00
4.211931045303707322e+00
2.405122338721871422e+00
5.122785579497708852e+00
2.405122338721871422e+00
1.012905352773849721e+01
3.006591730796893458e+00
6.913895402084298425e+00
5.122785579497708852e+00
2.021963746985986354e+00
3.956942556313911119e+00
1.225301830164665873e+01
1.980478170681425176e+00
6.038040050235883527e+00
4.712406659172994949e+00
2.797938401625846616e+00
3.323085634550625223e+00
2.796990956469137757e+00
2.249665934755604724e+00
3.323085634550625223e+00
2.797938401625846616e+00
2.021963746985986354e+00
3.323085634550625223e+00
6.707927322951201532e-02
3.323085634550625223e+00
7.023037438514521114e+00
1.980478170681425176e+00
2.021963746985986354e+00
4.454049485057708146e+00
4.659805895419641075e+00
6.038040050235883527e+00
6.038040050235883527e+00
1.989417484601001762e+00
3.277766900764786051e+00
1.980478170681425176e+00
4.097382273987417278e+00
4.659805895419641075e+00
5.527199967729078622e+00
5.391271860533912275e+00
3.414611267893175484e+00
1.243223342712072910e+00
5.701094286254883237e+00
5.122785579497708852e+00
2.416209866345172763e+00
4.712406659172994949e+00
2.405122338721871422e+00
7.023037438514521114e+00
1.603497588866924506e+00
2.988803940379427537e+00
3.214335650068722572e+00
4.211931045303707322e+00
2.903475160987445403e+00
4.095616379266449947e+00
4.696536167065384682e+00
4.712406659172994949e+00
2.215933756093120266e-01
3.149514721766406566e+00
6.913895402084298425e+00
2.903475160987445403e+00
3.386321161387276124e+00
4.659805895419641075e+00
1.603497588866924506e+00
2.021963746985986354e+00
5.100451607927956488e+00
4.459938979572545037e+00
5.497493392868801010e+00
5.427628269096612890e+00
2.797938401625846616e+00
7.714784552856761124e+00
4.211931045303707322e+00
6.801176135132803724e-01
2.405122338721871422e+00
2.780889157969677949e+00
6.038040050235883527e+00
6.616617669579637706e+00
3.732408249520825283e+00
3.018587386068111833e+00
1.243223342712072910e+00
5.122785579497708852e+00
1.012905352773849721e+01
2.416209866345172763e+00
2.796990956469137757e+00
4.095616379266449947e+00
2.797938401625846616e+00
4.464866958164057209e+00
5.122785579497708852e+00
3.323085634550625223e+00
1.603497588866924506e+00
5.122785579497708852e+00
5.122785579497708852e+00
2.797938401625846616e+00
4.211931045303707322e+00
2.898248107840844412e+00
6.801176135132803724e-01
3.149514721766406566e+00
3.323085634550625223e+00
3.956942556313911119e+00
2.797938401625846616e+00
4.211931045303707322e+00
2.797938401625846616e+00
2.550441741415726327e+00
3.277766900764786051e+00
3.591252263027716385e+00
2.416209866345172763e+00
3.323085634550625223e+00
5.497493392868801010e+00
1.603497588866924506e+00
1.980478170681425176e+00
2.797938401625846616e+00
1.243223342712072910e+00
3.149514721766406566e+00
2.797938401625846616e+00
2.550441741415726327e+00
3.149514721766406566e+00
5.154886875251888156e+00
5.527199967729078622e+00
5.497493392868801010e+00
3.956942556313911119e+00
1.012905352773849721e+01
3.277766900764786051e+00
5.100451607927956488e+00
4.659805895419641075e+00
4.459938979572545037e+00
2.988803940379427537e+00
5.154886875251888156e+00
5.427628269096612890e+00
2.021963746985986354e+00
4.211931045303707322e+00
4.712406659172994949e+00
5.122785579497708852e+00
2.797938401625846616e+00
1.603497588866924506e+00
5.427628269096612890e+00
5.701094286254883237e+00
5.122785579497708852e+00
1.989417484601001762e+00
3.323085634550625223e+00
3.149514721766406566e+00
2.550441741415726327e+00
5.165081963510417040e+00
4.464866958164057209e+00
4.459938979572545037e+00
2.550441741415726327e+00
4.211931045303707322e+00
2.021963746985986354e+00
2.550441741415726327e+00
6.913895402084298425e+00
2.249665934755604724e+00
3.956942556313911119e+00
2.021963746985986354e+00
5.942310491787228699e+00
1.012905352773849721e+01
2.797938401625846616e+00
2.249665934755604724e+00
4.712406659172994949e+00
4.712406659172994949e+00
3.101788406304184065e+00
3.323085634550625223e+00
5.527199967729078622e+00
2.796990956469137757e+00
3.918856751057501864e+00
4.712406659172994949e+00
5.122785579497708852e+00
4.459938979572545037e+00
3.277766900764786051e+00
6.707927322951201532e-02
3.149514721766406566e+00
4.868255629758392544e+00
3.277766900764786051e+00
2.898248107840844412e+00
2.028692862577388567e+00
3.956942556313911119e+00
5.497493392868801010e+00
2.405122338721871422e+00
3.323085634550625223e+00
9.579055851764096019e+00
3.323085634550625223e+00
3.956942556313911119e+00
6.616617669579637706e+00
5.165081963510417040e+00
6.038040050235883527e+00
4.211931045303707322e+00
6.913895402084298425e+00
1.603497588866924506e+00
1.980478170681425176e+00
4.602223206396192978e+00
1.012905352773849721e+01
4.659805895419641075e+00
4.095616379266449947e+00
3.323085634550625223e+00
3.956942556313911119e+00
4.095616379266449947e+00
3.018587386068111833e+00
2.903475160987445403e+00
2.550441741415726327e+00
5.100451607927956488e+00
2.797938401625846616e+00
3.277766900764786051e+00
4.719485815889209235e+00
1.980478170681425176e+00
4.211931045303707322e+00
7.023037438514521114e+00
2.797938401625846616e+00
2.780889157969677949e+00
1.603497588866924506e+00
4.696536167065384682e+00
4.696536167065384682e+00
2.215933756093120266e-01
2.780889157969677949e+00
6.913895402084298425e+00
4.211931045303707322e+00
2.405122338721871422e+00
5.122785579497708852e+00
5.122785579497708852e+00
3.277766900764786051e+00
2.405122338721871422e+00
4.696536167065384682e+00
5.100451607927956488e+00
4.712406659172994949e+00
5.497493392868801010e+00
4.547938312137120853e+00
3.277766900764786051e+00
3.591252263027716385e+00
4.211931045303707322e+00
5.391271860533912275e+00
3.323085634550625223e+00
2.797938401625846616e+00
6.239270102100792137e+00
1.603497588866924506e+00
4.211931045303707322e+00
2.797938401625846616e+00
5.527199967729078622e+00
5.807173346257112456e+00
1.980478170681425176e+00
1.603497588866924506e+00
2.797938401625846616e+00
4.712406659172994949e+00
6.038040050235883527e+00
1.012905352773849721e+01
4.712406659172994949e+00
1.603497588866924506e+00
3.414611267893175484e+00
5.001712661627244927e+00
2.550441741415726327e+00
5.122785579497708852e+00
3.591252263027716385e+00
6.707927322951201532e-02
5.165081963510417040e+00
4.095616379266449947e+00
4.712406659172994949e+00
2.988803940379427537e+00
2.021963746985986354e+00
2.021963746985986354e+00
3.149514721766406566e+00
3.018587386068111833e+00
5.701094286254883237e+00
5.701094286254883237e+00
4.211931045303707322e+00
3.956942556313911119e+00
2.797938401625846616e+00
1.243223342712072910e+00
1.980478170681425176e+00
4.211931045303707322e+00
4.696536167065384682e+00
2.898248107840844412e+00
1.603497588866924506e+00
5.303238357885240006e+00
3.386321161387276124e+00
5.427628269096612890e+00
1.603497588866924506e+00
4.712406659172994949e+00
2.797938401625846616e+00
2.797938401625846616e+00
3.101788406304184065e+00
3.323085634550625223e+00
6.171021048489341965e+00
5.942310491787228699e+00
3.956942556313911119e+00
3.323085634550625223e+00
1.603497588866924506e+00
2.021963746985986354e+00
5.122785579497708852e+00
2.780889157969677949e+00
4.696536167065384682e+00
4.868255629758392544e+00
4.712406659172994949e+00
1.514390557724433872e+00
1.980478170681425176e+00
3.149514721766406566e+00
2.797938401625846616e+00
5.497493392868801010e+00
3.149514721766406566e+00
2.249665934755604724e+00
2.903475160987445403e+00
2.405122338721871422e+00
6.913895402084298425e+00
5.122785579497708852e+00
2.416209866345172763e+00
6.038040050235883527e+00
1.980478170681425176e+00
4.211931045303707322e+00
2.215933756093120266e-01
5.130002205035656182e+00
6.913895402084298425e+00
5.122785579497708852e+00
4.696536167065384682e+00
4.659805895419641075e+00
5.391271860533912275e+00
2.021963746985986354e+00
5.497493392868801010e+00
7.939259482373162591e+00
1.603497588866924506e+00
4.696536167065384682e+00
3.918856751057501864e+00
5.122785579497708852e+00
3.591252263027716385e+00
5.122785579497708852e+00
1.243223342712072910e+00
4.454049485057708146e+00
2.416209866345172763e+00
2.797938401625846616e+00
2.215933756093120266e-01
5.497493392868801010e+00
3.006591730796893458e+00
3.149514721766406566e+00
1.603497588866924506e+00
3.149514721766406566e+00
3.101788406304184065e+00
1.225301830164665873e+01
2.021963746985986354e+00
4.712406659172994949e+00
3.149514721766406566e+00
5.165081963510417040e+00
1.603497588866924506e+00
4.095616379266449947e+00
5.130002205035656182e+00
4.712406659172994949e+00
4.712406659172994949e+00
2.797938401625846616e+00
5.165081963510417040e+00
6.913895402084298425e+00
2.021963746985986354e+00
4.712406659172994949e+00
3.214335650068722572e+00
1.225301830164665873e+01
5.701094286254883237e+00
4.696536167065384682e+00
3.414611267893175484e+00
4.454049485057708146e+00
1.980478170681425176e+00
2.780889157969677949e+00
5.122785579497708852e+00
1.980478170681425176e+00
5.001712661627244927e+00
3.149514721766406566e+00
3.214335650068722572e+00
4.712406659172994949e+00
1.980478170681425176e+00
2.898248107840844412e+00
1.980478170681425176e+00
3.386321161387276124e+00
2.796990956469137757e+00
3.591252263027716385e+00
5.807173346257112456e+00
2.797938401625846616e+00
2.903475160987445403e+00
2.021963746985986354e+00
5.100451607927956488e+00
3.591252263027716385e+00
5.942310491787228699e+00
4.712406659172994949e+00
5.662232535404349676e+00
2.550441741415726327e+00
2.903475160987445403e+00
3.386321161387276124e+00
4.696536167065384682e+00
9.579055851764096019e+00
3.214335650068722572e+00
3.918856751057501864e+00
4.696536167065384682e+00
3.277766900764786051e+00
3.591252263027716385e+00
4.211931045303707322e+00
2.550441741415726327e+00
5.874596090540352478e+00
6.038040050235883527e+00
3.101788406304184065e+00
5.527199967729078622e+00
1.603497588866924506e+00
3.663593672623992603e+00
6.707927322951201532e-02
5.001712661627244927e+00
4.712406659172994949e+00
5.701094286254883237e+00
5.427628269096612890e+00
3.149514721766406566e+00
2.903475160987445403e+00
4.696536167065384682e+00
4.712406659172994949e+00
4.712406659172994949e+00
2.550441741415726327e+00
5.391271860533912275e+00
4.095616379266449947e+00
5.527199967729078622e+00
5.122785579497708852e+00
5.100451607927956488e+00
2.021963746985986354e+00
2.550441741415726327e+00
1.012905352773849721e+01
3.018587386068111833e+00
2.903475160987445403e+00
3.214335650068722572e+00
2.797938401625846616e+00
5.662232535404349676e+00
3.323085634550625223e+00
3.386321161387276124e+00
2.903475160987445403e+00
3.386321161387276124e+00
2.797938401625846616e+00
4.211931045303707322e+00
4.712406659172994949e+00
5.874596090540352478e+00
3.149514721766406566e+00
2.797938401625846616e+00
1.980478170681425176e+00
2.021963746985986354e+00
2.903475160987445403e+00
5.122785579497708852e+00
5.527199967729078622e+00
4.211931045303707322e+00
1.603497588866924506e+00
5.497493392868801010e+00
2.550441741415726327e+00
3.386321161387276124e+00
2.550441741415726327e+00
5.122785579497708852e+00
2.405122338721871422e+00
6.239270102100792137e+00
3.277766900764786051e+00
1.603497588866924506e+00
5.527199967729078622e+00
5.100451607927956488e+00
5.527199967729078622e+00
2.416209866345172763e+00
7.714784552856761124e+00
5.122785579497708852e+00
5.662232535404349676e+00
4.211931045303707322e+00
4.211931045303707322e+00
2.550441741415726327e+00
6.913895402084298425e+00
5.165081963510417040e+00
6.931967647217576634e+00
4.712406659172994949e+00
4.454049485057708146e+00
2.797938401625846616e+00
4.547938312137120853e+00
1.012905352773849721e+01
2.797938401625846616e+00
2.021963746985986354e+00
3.414611267893175484e+00
5.165081963510417040e+00
1.225301830164665873e+01
6.913895402084298425e+00
3.214335650068722572e+00
5.942310491787228699e+00
6.097533306439157030e+00
3.323085634550625223e+00
2.550441741415726327e+00
2.021963746985986354e+00
1.603497588866924506e+00
2.021963746985986354e+00
4.211931045303707322e+00
4.211931045303707322e+00
2.903475160987445403e+00
5.122785579497708852e+00
5.122785579497708852e+00
2.898248107840844412e+00
5.662232535404349676e+00
5.122785579497708852e+00
6.097533306439157030e+00
6.038040050235883527e+00
2.416209866345172763e+00
2.249665934755604724e+00
2.797938401625846616e+00
1.514390557724433872e+00
3.149514721766406566e+00
1.243223342712072910e+00
1.012905352773849721e+01
3.956942556313911119e+00
1.989417484601001762e+00
6.038040050235883527e+00
4.712406659172994949e+00
5.130002205035656182e+00
4.459938979572545037e+00
5.527199967729078622e+00
3.323085634550625223e+00
3.323085634550625223e+00
4.211931045303707322e+00
4.095616379266449947e+00
6.707927322951201532e-02
4.459938979572545037e+00
2.797938401625846616e+00
3.414611267893175484e+00
9.579055851764096019e+00
4.712406659172994949e+00
2.797938401625846616e+00
2.550441741415726327e+00
3.386321161387276124e+00
5.122785579497708852e+00
2.416209866345172763e+00
6.038040050235883527e+00
3.323085634550625223e+00
7.714784552856761124e+00
4.712406659172994949e+00
2.898248107840844412e+00
5.001712661627244927e+00
4.097382273987417278e+00
3.101788406304184065e+00
2.797938401625846616e+00
2.797938401625846616e+00
3.149514721766406566e+00
5.122785579497708852e+00
3.149514721766406566e+00
4.696536167065384682e+00
4.211931045303707322e+00
2.405122338721871422e+00
2.021963746985986354e+00
5.527199967729078622e+00
1.927822263396685942e+00
5.122785579497708852e+00
5.122785579497708852e+00
3.414611267893175484e+00
1.980478170681425176e+00
1.243223342712072910e+00
3.386321161387276124e+00
2.797938401625846616e+00
2.550441741415726327e+00
5.122785579497708852e+00
5.427628269096612890e+00
4.211931045303707322e+00
3.323085634550625223e+00
3.006591730796893458e+00
1.603497588866924506e+00
5.942310491787228699e+00
6.038040050235883527e+00
2.780889157969677949e+00
4.696536167065384682e+00
2.021963746985986354e+00
6.171021048489341965e+00
5.391271860533912275e+00
4.211931045303707322e+00
4.712406659172994949e+00
4.355973240678026492e+00
5.527199967729078622e+00
1.603497588866924506e+00
5.527199967729078622e+00
2.021963746985986354e+00
2.903475160987445403e+00
3.956942556313911119e+00
5.807173346257112456e+00
3.956942556313911119e+00
5.303238357885240006e+00
3.323085634550625223e+00
4.712406659172994949e+00
1.980478170681425176e+00
2.898248107840844412e+00
4.211931045303707322e+00
4.454049485057708146e+00
5.165081963510417040e+00
3.956942556313911119e+00
2.780889157969677949e+00
5.122785579497708852e+00
5.165081963510417040e+00
5.165081963510417040e+00
5.122785579497708852e+00
4.712406659172994949e+00
2.550441741415726327e+00
2.028692862577388567e+00
5.100451607927956488e+00
1.012905352773849721e+01
5.527199967729078622e+00
5.527199967729078622e+00
2.797938401625846616e+00
2.021963746985986354e+00
5.122785579497708852e+00
2.021963746985986354e+00
2.797938401625846616e+00
4.097382273987417278e+00
2.550441741415726327e+00
1.012905352773849721e+01
4.097382273987417278e+00
3.918856751057501864e+00
3.956942556313911119e+00
2.797938401625846616e+00
2.416209866345172763e+00
2.550441741415726327e+00
5.662232535404349676e+00
3.277766900764786051e+00
5.122785579497708852e+00
3.149514721766406566e+00
3.323085634550625223e+00
3.956942556313911119e+00
2.021963746985986354e+00
1.243223342712072910e+00
9.579055851764096019e+00
3.386321161387276124e+00
4.712406659172994949e+00
3.277766900764786051e+00
3.149514721766406566e+00
5.527199967729078622e+00
9.579055851764096019e+00
2.797938401625846616e+00
5.154886875251888156e+00
2.416209866345172763e+00
1.225301830164665873e+01
1.980478170681425176e+00
3.149514721766406566e+00
2.021963746985986354e+00
2.249665934755604724e+00
5.527199967729078622e+00
5.527199967729078622e+00
2.405122338721871422e+00
4.459938979572545037e+00
3.018587386068111833e+00
2.797938401625846616e+00
3.277766900764786051e+00
5.303238357885240006e+00
2.550441741415726327e+00
5.165081963510417040e+00
5.001712661627244927e+00
4.211931045303707322e+00
6.038040050235883527e+00
4.454049485057708146e+00
2.797938401625846616e+00
4.095616379266449947e+00
3.591252263027716385e+00
2.903475160987445403e+00
5.497493392868801010e+00
5.001712661627244927e+00
6.038040050235883527e+00
