0	10.4752	10.2669	10.1837	9.9253	9.8588	9.7590	9.6090	9.5509	9.3259	9.1175	9.1845	9.0513	9.1850	9.1519	9.1939	9.4111	9.3863	9.8121	10.2629	10.7387	11.6401	11.8072	12.9505	13.7517	13.8938	15.3792	16.0303	16.3893	17.1404	16.5984	15.6475	14.7717	13.3619	12.5111	10.6341	9.3828	8.1232	7.0555	6.6302	6.3885	6.3053	6.2222	6.1390	6.0558	5.9726	5.8894	5.8063	5.7231	5.6399	5.5567
1	10.4480	10.2251	10.1092	10.0099	9.8034	9.5887	9.4894	9.4641	9.2412	9.2407	8.9930	9.1820	9.1238	9.1809	9.3204	9.4600	9.8713	10.3403	10.4963	11.1136	11.8792	12.4306	13.3444	14.1594	14.9909	15.6246	16.0524	17.0651	17.3035	17.1712	15.2184	13.7763	12.1365	10.9498	9.6231	8.4528	7.5050	6.8290	6.5649	6.3667	6.2838	6.2009	6.1180	6.0351	5.9522	5.8693	5.7864	5.7035	5.6206	5.5377
2	10.3144	9.8385	9.8424	9.7777	9.5331	9.4770	9.4551	9.1934	9.1630	9.1069	9.0850	9.1660	9.2298	9.2936	9.4346	9.5498	10.1191	10.3971	11.0264	11.6727	12.3191	13.3511	13.8518	14.9951	15.1018	16.1166	16.9943	16.9296	16.4194	15.4809	14.7137	13.0812	11.4658	10.2531	9.1433	8.1362	7.1291	6.6104	6.3915	6.2839	6.2021	6.1203	6.0385	5.9567	5.8749	5.7930	5.7112	5.6294	5.5476	5.4658
3	10.0068	9.8124	9.6446	9.4324	9.3356	9.1500	9.0621	9.0540	9.0016	9.0379	9.0210	9.1017	9.2002	9.5915	9.5835	10.0458	10.2153	11.2191	11.5483	12.0817	13.0588	13.4324	14.4717	15.2891	16.4526	16.4002	16.5697	16.1622	16.2962	15.4005	13.5907	12.1448	10.7078	9.6702	8.4018	7.4973	6.8413	6.3363	6.1951	6.0716	5.9926	5.9135	5.8345	5.7554	5.6764	5.5973	5.5183	5.4392	5.3602	5.2811
4	10.0286	9.9216	9.7354	9.5491	9.4949	9.5816	9.2545	9.3500	9.2782	9.3738	9.3460	9.5208	9.6075	9.8264	10.3006	10.3345	11.0553	11.7761	12.7523	13.0768	13.6655	14.2719	14.5523	15.4405	15.2454	16.0190	15.8856	16.2454	15.6804	14.0322	12.6747	11.2731	10.4175	9.3682	8.2484	7.3840	6.9071	6.4567	6.2704	6.1986	6.1092	6.0286	5.9480	5.8674	5.7869	5.7063	5.6257	5.5451	5.4645	5.3839
5	10.6703	10.4895	10.3565	10.2474	10.1861	9.9097	9.7607	9.6277	9.5585	9.4175	9.3403	9.2870	9.1699	9.3955	9.4537	9.5757	9.7136	9.9552	10.4278	10.7490	11.5005	12.0368	12.4377	13.3008	14.7456	14.6604	15.8183	16.7291	16.6758	16.7102	16.0114	14.5955	13.4425	12.0584	10.5628	9.3461	8.2887	7.2792	6.7477	6.5510	6.4578	6.3726	6.2875	6.2023	6.1171	6.0319	5.9467	5.8615	5.7763	5.6911
6	10.2470	10.2656	9.8901	9.7830	9.7430	9.4178	9.4700	9.2371	9.2641	9.0815	9.1505	8.9428	8.8943	9.1730	9.4349	9.4284	9.8412	10.1786	10.6837	11.1552	11.7861	12.3499	13.4085	14.2910	15.0477	16.0643	16.9552	16.7307	17.0764	16.4493	15.0423	13.5514	12.4630	10.9721	9.6573	8.4432	7.4722	6.7361	6.4277	6.2954	6.2135	6.1315	6.0495	5.9676	5.8856	5.8036	5.7217	5.6397	5.5577	5.4758
7	10.0861	9.9798	9.5873	9.5244	9.4355	9.3031	9.1968	9.0819	9.0623	8.9820	8.9884	8.9775	9.0447	9.2419	9.3350	9.7317	10.0069	10.4729	11.0516	11.7258	12.2785	13.1521	14.3204	14.3876	15.4519	16.8544	16.5747	17.5350	16.2754	15.5274	14.5193	12.9476	11.5406	10.3590	8.8913	7.8659	7.0312	6.5694	6.3417	6.1660	6.0857	6.0054	5.9251	5.8449	5.7646	5.6843	5.6040	5.5237	5.4435	5.3632
8	9.7833	9.5481	9.4425	9.2906	9.1757	9.1164	9.0200	8.9700	8.7810	8.8328	8.9678	9.0843	9.3026	9.5209	9.6281	10.2166	10.4812	11.3474	11.9914	12.3763	13.1591	13.5903	14.8359	15.1745	16.2720	16.4996	16.1626	16.8159	15.4701	14.5316	13.4635	12.0807	10.6146	9.6946	8.3488	7.4936	6.7586	6.3013	6.0939	5.9790	5.9012	5.8234	5.7455	5.6677	5.5898	5.5120	5.4341	5.3563	5.2784	5.2006
9	9.6022	9.4588	9.4297	9.1340	9.1334	9.0566	9.0750	9.0744	9.0738	9.1493	9.2629	9.4527	9.5758	9.8702	10.2979	10.9159	10.9819	11.4476	12.7889	12.9596	14.0821	14.3765	15.4418	15.3936	15.6500	16.2394	15.8771	15.5054	15.1050	13.8481	12.8482	11.6484	10.3058	9.0204	7.7825	7.0681	6.4584	6.1627	5.9717	5.9045	5.8182	5.7415	5.6647	5.5880	5.5112	5.4345	5.3577	5.2810	5.2042	5.1275
10	10.6591	10.4070	10.2505	10.3092	9.9215	9.8288	9.6803	9.5317	9.5267	9.3941	9.3413	9.2565	9.2435	9.2943	9.2574	9.5873	9.7656	10.0237	10.4333	10.6515	11.3162	12.1802	12.6615	13.7806	14.3178	15.1021	16.1255	16.5989	16.9208	16.4374	15.5314	14.6175	13.3528	12.1518	10.6479	9.0723	8.0069	7.2923	6.7292	6.5408	6.4241	6.3394	6.2547	6.1699	6.0852	6.0004	5.9157	5.8309	5.7462	5.6614
11	10.2241	9.8557	9.9513	9.8107	9.5604	9.5125	9.3550	9.1384	9.0906	9.0090	8.9274	9.0230	9.0258	9.2816	9.2085	9.3968	9.8720	10.2713	10.8814	11.4072	11.9414	12.7625	12.9846	14.2612	14.4664	16.1226	16.2435	17.2164	16.6792	16.2518	15.0482	13.9459	12.8605	10.9989	9.5760	8.3472	7.5064	6.6402	6.4068	6.2662	6.1846	6.1030	6.0214	5.9398	5.8582	5.7766	5.6951	5.6135	5.5319	5.4503
12	9.8662	9.8486	9.5487	9.4429	9.2753	9.1518	9.1253	9.0282	9.0370	8.9399	8.9311	8.9663	9.0897	9.2836	9.3100	10.0153	10.4384	10.5706	11.2142	11.8137	12.5455	13.5594	14.0090	15.1199	15.4902	16.4336	16.9537	16.6010	16.2747	15.6927	14.0615	12.9328	11.1958	9.9790	8.7798	7.6952	7.0339	6.4784	6.2138	6.0991	6.0197	5.9403	5.8609	5.7815	5.7020	5.6226	5.5432	5.4638	5.3844	5.3050
13	9.9385	9.6418	9.4994	9.5385	9.2418	9.1993	9.1114	9.0416	9.0354	9.1562	9.1863	9.2436	9.3645	9.5943	9.9875	10.1719	10.8192	11.3849	12.3318	12.6615	13.5448	13.8563	15.0574	15.3235	15.9436	16.1734	16.6120	15.8433	15.6918	14.6235	13.0923	12.0512	10.4473	9.2429	7.9749	7.3241	6.7279	6.3222	6.1435	6.0556	5.9768	5.8979	5.8191	5.7402	5.6614	5.5825	5.5037	5.4248	5.3460	5.2672
14	10.1921	10.0573	9.9489	9.8845	9.7673	9.6852	9.6736	9.4948	9.5888	9.6036	9.7767	9.8179	10.2813	10.4193	10.6452	10.8447	11.5722	12.0269	12.9302	12.8746	14.0068	14.1183	14.9777	15.5908	16.0455	15.6819	15.3183	15.4475	14.4857	13.6910	12.1309	11.0459	10.1632	9.1310	8.2484	7.4009	6.8878	6.6122	6.3895	6.2986	6.2166	6.1346	6.0526	5.9706	5.8886	5.8066	5.7246	5.6426	5.5606	5.4785
15	10.4811	10.2728	10.1896	9.9312	9.8647	9.7648	9.6148	9.5566	9.3316	9.1233	9.1902	9.0569	9.1905	9.1573	9.1991	9.4160	9.3912	9.8166	10.2670	10.7424	11.6431	11.8100	12.9525	13.7531	13.8950	15.3794	16.0299	16.3886	17.1392	16.5974	15.6469	14.7716	13.3626	12.5122	10.6362	9.3856	8.1267	7.0596	6.6344	6.3928	6.3096	6.2263	6.1431	6.0598	5.9766	5.8934	5.8101	5.7269	5.6437	5.5604
16	10.4451	10.2223	10.1065	10.0071	9.8008	9.5862	9.4868	9.4616	9.2388	9.2382	8.9907	9.1795	9.1213	9.1784	9.3178	9.4572	9.8682	10.3369	10.4928	11.1097	11.8747	12.4257	13.3390	14.1534	14.9843	15.6177	16.0452	17.0572	17.2954	17.1632	15.2115	13.7703	12.1315	10.9455	9.6196	8.4500	7.5028	6.8272	6.5632	6.3651	6.2822	6.1993	6.1164	6.0336	5.9507	5.8678	5.7849	5.7021	5.6192	5.5363
17	10.3189	9.8433	9.8470	9.7823	9.5378	9.4816	9.4596	9.1980	9.1675	9.1113	9.0894	9.1702	9.2339	9.2975	9.4383	9.5533	10.1221	10.3998	11.0285	11.6743	12.3201	13.3512	13.8515	14.9938	15.1003	16.1142	16.9912	16.9265	16.4165	15.4786	14.7118	13.0804	11.4662	10.2543	9.1451	8.1386	7.1322	6.6137	6.3949	6.2873	6.2055	6.1236	6.0417	5.9599	5.8780	5.7962	5.7143	5.6324	5.5506	5.4687
18	10.0148	9.8204	9.6526	9.4405	9.3436	9.1581	9.0701	9.0619	9.0094	9.0455	9.0284	9.1089	9.2072	9.5980	9.5898	10.0516	10.2208	11.2235	11.5523	12.0851	13.0612	13.4343	14.4725	15.2891	16.4514	16.3989	16.5681	16.1608	16.2945	15.3995	13.5912	12.1464	10.7105	9.6737	8.4063	7.5025	6.8469	6.3421	6.2009	6.0775	5.9983	5.9192	5.8401	5.7610	5.6818	5.6027	5.5236	5.4444	5.3653	5.2862
19	10.0381	9.9311	9.7449	9.5588	9.5045	9.5907	9.2640	9.3591	9.2872	9.3822	9.3543	9.5285	9.6148	9.8329	10.3058	10.3394	11.0584	11.7775	12.7514	13.0750	13.6622	14.2670	14.5466	15.4326	15.2377	16.0095	15.8761	16.2348	15.6707	14.0257	12.6708	11.2718	10.4178	9.3704	8.2527	7.3898	6.9137	6.4639	6.2778	6.2059	6.1164	6.0357	5.9550	5.8743	5.7936	5.7129	5.6323	5.5516	5.4709	5.3902
20	10.6713	10.4905	10.3575	10.2484	10.1871	9.9107	9.7617	9.6287	9.5595	9.4185	9.3413	9.2879	9.1709	9.3964	9.4546	9.5766	9.7145	9.9559	10.4285	10.7496	11.5011	12.0373	12.4382	13.3011	14.7457	14.6605	15.8183	16.7291	16.6757	16.7100	16.0113	14.5955	13.4426	12.0587	10.5632	9.3466	8.2893	7.2799	6.7485	6.5517	6.4586	6.3734	6.2882	6.2030	6.1178	6.0326	5.9474	5.8622	5.7770	5.6917
21	10.2521	10.2707	9.8954	9.7882	9.7481	9.4231	9.4751	9.2423	9.2692	9.0866	9.1554	8.9477	8.8992	9.1775	9.4391	9.4325	9.8448	10.1818	10.6864	11.1574	11.7876	12.3509	13.4085	14.2901	15.0461	16.0618	16.9518	16.7273	17.0727	16.4460	15.0400	13.5502	12.4626	10.9728	9.6590	8.4457	7.4755	6.7398	6.4316	6.2993	6.2173	6.1352	6.0532	5.9712	5.8892	5.8072	5.7251	5.6431	5.5611	5.4791
22	10.0855	9.9792	9.5867	9.5238	9.4349	9.3026	9.1963	9.0813	9.0617	8.9815	8.9879	8.9770	9.0441	9.2413	9.3345	9.7311	10.0063	10.4723	11.0511	11.7252	12.2779	13.1514	14.3198	14.3869	15.4513	16.8538	16.5740	17.5343	16.2747	15.5268	14.5187	12.9470	11.5400	10.3585	8.8908	7.8654	7.0307	6.5689	6.3413	6.1656	6.0853	6.0050	5.9248	5.8445	5.7642	5.6839	5.6037	5.5234	5.4431	5.3628
23	9.7882	9.5530	9.4474	9.2955	9.1806	9.1212	9.0248	8.9747	8.7858	8.8374	8.9722	9.0886	9.3067	9.5248	9.6319	10.2200	10.4843	11.3499	11.9935	12.3780	13.1604	13.5912	14.8360	15.1744	16.2712	16.4985	16.1616	16.8145	15.4694	14.5312	13.4636	12.0815	10.6162	9.6966	8.3515	7.4966	6.7620	6.3049	6.0975	5.9826	5.9047	5.8268	5.7489	5.6710	5.5931	5.5152	5.4373	5.3594	5.2815	5.2036
24	9.5962	9.4528	9.4237	9.1280	9.1275	9.0508	9.0693	9.0688	9.0682	9.1439	9.2576	9.4474	9.5706	9.8652	10.2931	10.9114	10.9775	11.4434	12.7852	12.9561	14.0789	14.3735	15.4392	15.3911	15.6476	16.2373	15.8750	15.5031	15.1028	13.8456	12.8454	11.6453	10.3024	9.0167	7.7785	7.0640	6.4542	6.1585	5.9675	5.9004	5.8141	5.7374	5.6607	5.5840	5.5073	5.4306	5.3539	5.2772	5.2005	5.1238
25	10.6681	10.4161	10.2596	10.3181	9.9308	9.8380	9.6895	9.5410	9.5357	9.4031	9.3501	9.2653	9.2521	9.3026	9.2655	9.5946	9.7724	10.0298	10.4385	10.6561	11.3195	12.1819	12.6622	13.7793	14.3153	15.0981	16.1197	16.5920	16.9131	16.4303	15.5256	14.6129	13.3501	12.1509	10.6492	9.0759	8.0120	7.2983	6.7359	6.5476	6.4309	6.3461	6.2613	6.1764	6.0916	6.0067	5.9219	5.8371	5.7522	5.6674
26	10.2355	9.8675	9.9626	9.8220	9.5719	9.5239	9.3664	9.1500	9.1020	9.0203	8.9386	9.0337	9.0362	9.2913	9.2180	9.4058	9.8798	10.2781	10.8869	11.4114	11.9444	12.7637	12.9851	14.2591	14.4637	16.1166	16.2370	17.2079	16.6715	16.2445	15.0429	13.9424	12.8586	11.0003	9.5797	8.3529	7.5133	6.6485	6.4153	6.2746	6.1929	6.1112	6.0295	5.9479	5.8662	5.7845	5.7028	5.6211	5.5394	5.4577
27	9.8653	9.8476	9.5478	9.4419	9.2743	9.1508	9.1243	9.0273	9.0361	8.9390	8.9302	8.9654	9.0888	9.2828	9.3092	10.0147	10.4379	10.5702	11.2139	11.8135	12.5454	13.5595	14.0092	15.1203	15.4906	16.4341	16.9544	16.6016	16.2753	15.6932	14.0618	12.9330	11.1957	9.9787	8.7794	7.6947	7.0333	6.4777	6.2131	6.0984	6.0190	5.9396	5.8602	5.7808	5.7014	5.6220	5.5426	5.4632	5.3838	5.3044
28	9.9445	9.6482	9.5058	9.5447	9.2483	9.2057	9.1177	9.0479	9.0414	9.1618	9.1917	9.2486	9.3691	9.5982	9.9904	10.1742	10.8202	11.3845	12.3294	12.6582	13.5397	13.8503	15.0489	15.3143	15.9330	16.1622	16.5997	15.8322	15.6808	14.6143	13.0858	12.0465	10.4455	9.2431	7.9773	7.3276	6.7323	6.3272	6.1486	6.0606	5.9817	5.9028	5.8239	5.7450	5.6661	5.5872	5.5083	5.4294	5.3505	5.2715
29	10.2116	10.0768	9.9683	9.9037	9.7864	9.7042	9.6921	9.5135	9.6067	9.6209	9.7930	9.8335	10.2949	10.4319	10.6565	10.8549	11.5793	12.0320	12.9317	12.8758	14.0036	14.1142	14.9702	15.5806	16.0332	15.6705	15.3077	15.4359	14.4770	13.6846	12.1294	11.0477	10.1677	9.1386	8.2586	7.4136	6.9018	6.6267	6.4042	6.3132	6.2310	6.1488	6.0666	5.9844	5.9022	5.8200	5.7378	5.6556	5.5734	5.4912
30	10.4819	10.2736	10.1903	9.9321	9.8655	9.7656	9.6156	9.5574	9.3325	9.1242	9.1910	9.0577	9.1912	9.1580	9.1997	9.4166	9.3917	9.8169	10.2671	10.7423	11.6426	11.8094	12.9514	13.7517	13.8935	15.3773	16.0276	16.3861	17.1363	16.5947	15.6446	14.7695	13.3609	12.5109	10.6355	9.3854	8.1269	7.0601	6.6351	6.3935	6.3102	6.2270	6.1437	6.0605	5.9773	5.8940	5.8108	5.7275	5.6443	5.5610
31	10.4488	10.2259	10.1101	10.0107	9.8043	9.5897	9.4903	9.4650	9.2421	9.2416	8.9940	9.1828	9.1246	9.1817	9.3211	9.4605	9.8716	10.3404	10.4963	11.1133	11.8785	12.4296	13.3430	14.1576	14.9887	15.6222	16.0498	17.0620	17.3002	17.1679	15.2159	13.7744	12.1352	10.9489	9.6227	8.4529	7.5054	6.8297	6.5656	6.3674	6.2845	6.2016	6.1187	6.0358	5.9529	5.8700	5.7871	5.7042	5.6213	5.5384
32	10.3130	9.8370	9.8409	9.7762	9.5316	9.4755	9.4537	9.1919	9.1615	9.1054	9.0836	9.1646	9.2285	9.2924	9.4334	9.5487	10.1183	10.3964	11.0259	11.6725	12.3192	13.3515	13.8524	14.9961	15.1029	16.1180	16.9961	16.9314	16.4211	15.4823	14.7149	13.0819	11.4661	10.2531	9.1429	8.1355	7.1281	6.6093	6.3903	6.2828	6.2010	6.1192	6.0374	5.9556	5.8738	5.7920	5.7102	5.6284	5.5466	5.4648
33	10.0127	9.8182	9.6504	9.4382	9.3413	9.1557	9.0677	9.0596	9.0071	9.0434	9.0264	9.1071	9.2055	9.5967	9.5886	10.0509	10.2203	11.2239	11.5531	12.0863	13.0633	13.4368	14.4760	15.2933	16.4566	16.4042	16.5736	16.1661	16.3000	15.4044	13.5946	12.1488	10.7118	9.6742	8.4059	7.5014	6.8454	6.3403	6.1991	6.0756	5.9965	5.9174	5.8383	5.7592	5.6801	5.6010	5.5219	5.4428	5.3637	5.2846
34	10.0362	9.9291	9.7429	9.5568	9.5025	9.5889	9.2620	9.3572	9.2853	9.3805	9.3526	9.5268	9.6132	9.8315	10.3047	10.3383	11.0577	11.7770	12.7513	13.0751	13.6626	14.2676	14.5474	15.4338	15.2389	16.0110	15.8776	16.2365	15.6723	14.0267	12.6713	11.2719	10.4175	9.3698	8.2517	7.3886	6.9123	6.4624	6.2763	6.2044	6.1149	6.0342	5.9536	5.8729	5.7922	5.7116	5.6309	5.5502	5.4696	5.3889
35	10.6711	10.4903	10.3573	10.2482	10.1869	9.9104	9.7614	9.6284	9.5592	9.4182	9.3410	9.2876	9.1706	9.3962	9.4544	9.5765	9.7144	9.9560	10.4287	10.7499	11.5016	12.0380	12.4390	13.3022	14.7472	14.6620	15.8201	16.7311	16.6778	16.7122	16.0133	14.5971	13.4440	12.0597	10.5638	9.3469	8.2894	7.2797	6.7482	6.5514	6.4583	6.3731	6.2879	6.2027	6.1175	6.0323	5.9471	5.8619	5.7767	5.6915
36	10.2459	10.2646	9.8891	9.7820	9.7420	9.4168	9.4690	9.2361	9.2632	9.0806	9.1496	8.9418	8.8934	9.1721	9.4340	9.4275	9.8403	10.1777	10.6828	11.1543	11.7852	12.3490	13.4076	14.2901	15.0468	16.0634	16.9543	16.7298	17.0755	16.4484	15.0414	13.5505	12.4622	10.9713	9.6566	8.4425	7.4715	6.7354	6.4270	6.2948	6.2128	6.1308	6.0489	5.9669	5.8850	5.8030	5.7211	5.6391	5.5571	5.4752
37	10.0855	9.9792	9.5868	9.5238	9.4349	9.3026	9.1963	9.0813	9.0617	8.9815	8.9879	8.9770	9.0441	9.2413	9.3345	9.7311	10.0064	10.4724	11.0511	11.7252	12.2780	13.1515	14.3199	14.3871	15.4514	16.8539	16.5742	17.5345	16.2749	15.5269	14.5188	12.9471	11.5401	10.3586	8.8909	7.8654	7.0308	6.5689	6.3413	6.1656	6.0853	6.0050	5.9248	5.8445	5.7642	5.6839	5.6037	5.5234	5.4431	5.3628
38	9.7826	9.5475	9.4419	9.2900	9.1752	9.1158	9.0195	8.9694	8.7805	8.8322	8.9671	9.0836	9.3017	9.5199	9.6271	10.2153	10.4798	11.3455	11.9893	12.3740	13.1565	13.5874	14.8325	15.1709	16.2680	16.4954	16.1585	16.8115	15.4663	14.5281	13.4604	12.0782	10.6127	9.6930	8.3477	7.4928	6.7581	6.3010	6.0936	5.9788	5.9010	5.8231	5.7453	5.6674	5.5896	5.5117	5.4339	5.3560	5.2782	5.2003
39	9.6017	9.4583	9.4292	9.1334	9.1328	9.0561	9.0746	9.0740	9.0734	9.1490	9.2627	9.4526	9.5758	9.8704	10.2983	10.9167	10.9827	11.4487	12.7908	12.9616	14.0846	14.3792	15.4451	15.3969	15.6534	16.2432	15.8808	15.5089	15.1084	13.8509	12.8505	11.6502	10.3071	9.0210	7.7826	7.0679	6.4579	6.1622	5.9712	5.9040	5.8177	5.7409	5.6642	5.5875	5.5107	5.4340	5.3572	5.2805	5.2037	5.1270
40	10.6595	10.4073	10.2508	10.3095	9.9218	9.8291	9.6805	9.5320	9.5270	9.3944	9.3416	9.2568	9.2438	9.2946	9.2577	9.5875	9.7659	10.0240	10.4336	10.6518	11.3165	12.1806	12.6619	13.7811	14.3182	15.1025	16.1260	16.5994	16.9213	16.4379	15.5319	14.6180	13.3532	12.1522	10.6483	9.0726	8.0071	7.2925	6.7294	6.5410	6.4243	6.3396	6.2548	6.1701	6.0853	6.0006	5.9158	5.8311	5.7463	5.6616
41	10.2373	9.8694	9.9645	9.8238	9.5738	9.5257	9.3683	9.1519	9.1038	9.0221	8.9404	9.0354	9.0379	9.2929	9.2196	9.4073	9.8811	10.2792	10.8878	11.4121	11.9449	12.7639	12.9852	14.2588	14.4633	16.1156	16.2359	17.2064	16.6702	16.2433	15.0420	13.9418	12.8583	11.0005	9.5803	8.3538	7.5145	6.6499	6.4167	6.2760	6.1943	6.1126	6.0309	5.9492	5.8674	5.7857	5.7040	5.6223	5.5406	5.4589
42	9.8668	9.8491	9.5493	9.4434	9.2758	9.1523	9.1258	9.0288	9.0375	8.9405	8.9316	8.9668	9.0902	9.2841	9.3105	10.0159	10.4391	10.5713	11.2150	11.8146	12.5464	13.5604	14.0101	15.1211	15.4914	16.4348	16.9550	16.6022	16.2759	15.6939	14.0625	12.9338	11.1966	9.9797	8.7804	7.6957	7.0343	6.4787	6.2141	6.0995	6.0200	5.9406	5.8612	5.7818	5.7024	5.6230	5.5435	5.4641	5.3847	5.3053
43	9.9442	9.6477	9.5053	9.5443	9.2478	9.2051	9.1172	9.0473	9.0410	9.1615	9.1914	9.2485	9.3691	9.5985	9.9910	10.1751	10.8215	11.3864	12.3321	12.6612	13.5434	13.8543	15.0539	15.3195	15.9388	16.1681	16.6060	15.8381	15.6866	14.6194	13.0898	12.0498	10.4477	9.2445	7.9778	7.3277	6.7319	6.3266	6.1480	6.0600	5.9811	5.9022	5.8233	5.7444	5.6655	5.5866	5.5077	5.4288	5.3499	5.2710
44	10.2002	10.0654	9.9570	9.8925	9.7753	9.6932	9.6813	9.5027	9.5961	9.6106	9.7831	9.8239	10.2860	10.4234	10.6485	10.8473	11.5728	12.0262	12.9272	12.8715	14.0008	14.1118	14.9690	15.5803	16.0337	15.6707	15.3077	15.4363	14.4764	13.6833	12.1265	11.0437	10.1628	9.1326	8.2517	7.4059	6.8937	6.6185	6.3960	6.3051	6.2230	6.1409	6.0588	5.9767	5.8946	5.8125	5.7304	5.6483	5.5663	5.4842
45	10.7612	10.4926	10.4470	10.1864	10.1408	9.9360	9.8107	9.6298	9.6637	9.3713	9.3257	9.2642	9.2583	9.3560	9.3502	9.5274	9.8002	9.7864	10.0831	10.7539	11.1780	11.8807	12.3764	12.9676	14.0364	14.9381	15.5373	16.4310	16.6879	16.4910	16.0872	14.7837	13.8386	12.7581	11.2079	9.9363	8.5851	7.6479	6.9017	6.5934	6.4761	6.3907	6.3053	6.2198	6.1344	6.0490	5.9635	5.8781	5.7927	5.7072
46	10.4381	10.2399	10.0664	9.9176	9.7606	9.6858	9.3890	9.4457	9.2558	9.2714	9.1062	9.0478	9.1128	9.1202	9.2345	9.3241	9.6851	10.1036	10.3248	10.7680	11.6141	12.0737	12.8952	13.8728	14.6531	16.1652	15.8191	16.1883	17.0508	16.7129	15.9227	14.2446	13.3968	11.6364	10.2954	8.8639	7.8353	7.0204	6.6003	6.3939	6.2944	6.2114	6.1283	6.0453	5.9623	5.8792	5.7962	5.7132	5.6301	5.5471
47	9.9452	9.9000	9.6710	9.6258	9.4055	9.3515	9.2713	9.0598	9.0321	8.8643	9.0118	8.8878	8.9739	9.2703	9.1638	9.5827	10.0103	10.3767	10.7168	11.0481	12.0536	12.9191	13.5219	14.4749	15.2090	16.4072	16.7210	16.7283	16.8233	15.2020	15.2444	13.7019	12.4483	10.8270	9.4860	8.1711	7.3029	6.6185	6.3019	6.1691	6.0801	5.9999	5.9197	5.8395	5.7593	5.6791	5.5989	5.5187	5.4385	5.3583
48	9.7720	9.7573	9.4886	9.4467	9.2415	9.1723	9.1576	8.9161	9.0194	8.8051	8.9174	8.9118	9.1239	9.3179	9.3395	9.9508	10.3988	10.4658	11.5670	11.7610	12.5174	13.5188	13.9850	14.8503	16.2509	16.4267	16.8838	16.4427	16.1014	15.3428	13.7586	12.6189	11.3886	10.2308	8.9822	7.8607	6.8753	6.4070	6.1474	6.0057	5.9275	5.8493	5.7711	5.6929	5.6147	5.5365	5.4583	5.3801	5.3019	5.2237
49	9.4949	9.3913	9.1807	8.9605	8.9734	8.8309	8.7078	8.7207	8.7627	8.8048	8.5068	8.8598	8.7561	9.4588	9.5786	10.1161	10.5177	11.1232	11.5345	12.3635	12.9885	13.7592	14.6659	15.5143	16.4502	16.1134	16.5052	16.4307	15.9772	15.2421	13.5353	12.2658	10.8311	9.8434	8.1755	7.3723	6.7440	6.0866	5.9052	5.7335	5.6493	5.5748	5.5002	5.4257	5.3512	5.2767	5.2021	5.1276	5.0531	4.9786
50	10.6580	10.7816	10.6019	10.3054	10.2035	10.0704	9.9763	9.8199	9.6557	9.5537	9.4362	9.3498	9.3957	9.4415	9.4174	9.5488	9.6647	9.8505	10.0442	10.7046	11.0538	11.8465	12.3824	12.9417	13.8277	14.8693	15.7864	16.2601	16.4693	16.9663	16.0554	14.9499	13.5877	12.7545	11.3379	9.9524	8.4580	7.7415	6.9783	6.6664	6.5566	6.4625	6.3761	6.2897	6.2033	6.1169	6.0305	5.9441	5.8577	5.7713
51	10.3990	10.2825	10.2658	10.0163	9.8167	9.6753	9.5090	9.4258	9.2761	9.3176	9.1596	9.1845	9.2011	9.2426	9.3923	9.5253	9.7248	10.0740	10.3151	10.8139	11.5124	12.3106	12.9259	13.7075	14.9464	15.5034	15.9275	16.8587	17.4075	16.4845	15.7527	13.7404	13.0336	11.2624	10.2895	9.1503	7.7865	7.0880	6.5724	6.3895	6.3146	6.2231	6.1399	6.0567	5.9735	5.8903	5.8071	5.7239	5.6407	5.5576
52	9.7721	9.7203	9.6954	9.4735	9.3501	9.1192	8.9600	8.9798	8.7937	8.7956	8.6632	8.7994	8.9177	9.0360	9.2258	9.3889	9.7578	10.0909	10.8806	11.4375	12.0212	12.8377	14.0213	14.9452	15.0993	16.2201	16.5443	16.6447	17.2016	15.7085	15.0480	13.6355	12.1962	10.8912	9.1922	8.1647	7.3878	6.6109	6.1742	6.0418	5.9631	5.8844	5.8058	5.7271	5.6485	5.5698	5.4911	5.4125	5.3338	5.2551
53	9.6560	9.3982	9.4272	9.0834	9.0741	8.9787	8.7974	8.7881	8.7310	8.7313	8.7698	8.6553	9.0570	9.0955	9.4398	9.8702	10.1667	10.7691	11.6773	12.2701	12.9107	14.0483	14.1251	15.2913	15.3489	16.4483	16.7353	16.4679	16.3153	14.7290	13.9742	12.4548	11.3464	10.1998	8.7473	7.5528	6.8459	6.3013	5.9575	5.8622	5.7764	5.7002	5.6240	5.5478	5.4716	5.3954	5.3192	5.2430	5.1668	5.0906
54	9.5383	9.3853	9.2711	9.1959	8.9165	8.9093	8.8827	8.7102	8.9462	8.9585	8.9805	9.1679	9.2580	9.6690	9.9439	10.3258	10.8827	11.5563	11.9576	12.7868	13.0617	14.0854	14.4575	15.5980	16.0090	16.5173	15.9655	16.2307	15.8929	14.1741	13.2041	11.6993	10.7974	9.4676	8.4199	7.1290	6.6551	6.1325	5.9114	5.7778	5.7025	5.6273	5.5521	5.4769	5.4016	5.3264	5.2512	5.1760	5.1007	5.0255
55	10.7374	10.7691	10.5100	10.2509	10.1411	10.0314	9.8980	9.7646	9.6627	9.5058	9.5375	9.4355	9.3651	9.2867	9.4284	9.5544	9.6018	9.8456	10.1130	10.6084	11.3159	11.8819	12.6209	13.4148	13.4937	14.5705	15.8910	16.2449	16.8581	16.7247	16.3163	14.8391	13.6684	12.4899	11.1070	9.8420	8.8521	7.7757	6.9508	6.6524	6.5348	6.4486	6.3624	6.2762	6.1899	6.1037	6.0175	5.9313	5.8451	5.7589
56	10.4661	10.1608	10.0946	9.9542	9.7808	9.6486	9.4175	9.4007	9.2768	9.1364	9.1279	9.1030	9.0945	9.1933	9.2343	9.4402	9.8936	10.1243	10.4457	10.7177	11.6659	11.8966	13.0015	14.3373	14.7247	15.7306	16.3572	16.4724	16.9835	16.6122	15.7460	14.3685	12.9416	11.5394	9.9392	8.6112	7.7368	6.9614	6.5488	6.3507	6.2680	6.1853	6.1026	6.0199	5.9372	5.8545	5.7719	5.6892	5.6065	5.5238
57	9.7627	9.7289	9.6229	9.6161	9.3297	9.1785	9.0455	9.0478	8.9598	8.9621	8.8651	8.8855	8.8787	9.0976	9.4428	9.5804	10.1241	10.3972	10.6792	11.6561	12.1637	12.7435	13.6933	15.4643	15.2229	16.1095	16.8337	16.8270	16.7120	15.5321	15.0201	13.5063	12.1190	10.1991	9.0103	8.0560	7.3635	6.4634	6.1859	6.0619	5.9830	5.9040	5.8251	5.7462	5.6672	5.5883	5.5094	5.4305	5.3515	5.2726
58	9.6908	9.5945	9.3855	9.2798	9.3150	9.1435	9.0754	8.9415	8.8452	8.8053	9.0189	8.9507	9.1362	9.5657	9.8357	10.0868	10.2159	10.9084	11.7605	11.9178	13.0986	13.5845	14.5775	15.3921	16.1503	16.2606	16.5212	16.5000	15.6524	14.9833	13.5348	12.5370	11.1917	9.6399	8.5388	7.5128	6.9095	6.3812	6.0971	5.9632	5.8763	5.7988	5.7213	5.6437	5.5662	5.4887	5.4112	5.3337	5.2561	5.1786
59	9.6514	9.4215	9.4026	9.2878	9.2113	9.1252	9.0679	8.9627	8.9342	9.1070	9.2223	9.2992	9.7021	9.7407	10.4984	10.4890	11.2467	11.8797	12.3401	12.5992	13.5103	14.1242	14.7380	15.5053	15.7548	15.4290	16.5702	15.9952	15.3338	13.9726	12.9565	11.4611	10.4450	9.1509	8.3266	7.3488	6.5916	6.1892	5.9689	5.8924	5.7968	5.7203	5.6438	5.5674	5.4909	5.4144	5.3380	5.2615	5.1850	5.1085
60	10.7624	10.4938	10.4482	10.1876	10.1419	9.9371	9.8118	9.6308	9.6648	9.3724	9.3267	9.2652	9.2594	9.3570	9.3512	9.5285	9.8013	9.7875	10.0843	10.7552	11.1793	11.8821	12.3778	12.9691	14.0381	14.9399	15.5392	16.4330	16.6899	16.4930	16.0891	14.7855	13.8402	12.7596	11.2092	9.9375	8.5861	7.6488	6.9025	6.5941	6.4769	6.3914	6.3060	6.2205	6.1351	6.0496	5.9642	5.8788	5.7933	5.7079
61	10.4352	10.2371	10.0637	9.9149	9.7579	9.6831	9.3864	9.4431	9.2533	9.2689	9.1037	9.0453	9.1102	9.1176	9.2319	9.3214	9.6822	10.1005	10.3216	10.7646	11.6103	12.0697	12.8907	13.8679	14.6478	16.1592	15.8132	16.1822	17.0443	16.7065	15.9167	14.2393	13.3920	11.6324	10.2919	8.8611	7.8329	7.0185	6.5985	6.3922	6.2928	6.2097	6.1267	6.0437	5.9607	5.8777	5.7947	5.7117	5.6286	5.5456
62	9.9453	9.9001	9.6710	9.6258	9.4055	9.3516	9.2714	9.0598	9.0322	8.8644	9.0118	8.8879	8.9740	9.2703	9.1638	9.5827	10.0103	10.3766	10.7167	11.0480	12.0535	12.9189	13.5216	14.4746	15.2086	16.4068	16.7206	16.7279	16.8228	15.2016	15.2440	13.7016	12.4481	10.8269	9.4859	8.1711	7.3029	6.6185	6.3019	6.1692	6.0802	6.0000	5.9198	5.8396	5.7594	5.6792	5.5990	5.5187	5.4385	5.3583
63	9.7729	9.7582	9.4896	9.4476	9.2425	9.1734	9.1586	8.9172	9.0203	8.8062	8.9183	8.9126	9.1245	9.3183	9.3398	9.9505	10.3981	10.4649	11.5652	11.7589	12.5147	13.5153	13.9810	14.8456	16.2450	16.4206	16.8772	16.4364	16.0953	15.3372	13.7542	12.6154	11.3859	10.2289	8.9813	7.8606	6.8758	6.4078	6.1483	6.0067	5.9285	5.8502	5.7720	5.6938	5.6156	5.5374	5.4592	5.3810	5.3028	5.2246
64	9.5023	9.3986	9.1882	8.9681	8.9808	8.8383	8.7152	8.7279	8.7697	8.8115	8.5138	8.8659	8.7622	9.4635	9.5829	10.1193	10.5199	11.1242	11.5346	12.3619	12.9856	13.7548	14.6598	15.5065	16.4406	16.1041	16.4950	16.4204	15.9676	15.2335	13.5295	12.2620	10.8296	9.8433	8.1782	7.3762	6.7488	6.0922	5.9109	5.7394	5.6551	5.5805	5.5059	5.4313	5.3567	5.2821	5.2075	5.1329	5.0583	4.9837
65	10.6578	10.7814	10.6017	10.3053	10.2033	10.0703	9.9761	9.8197	9.6555	9.5536	9.4361	9.3497	9.3955	9.4414	9.4172	9.5486	9.6645	9.8504	10.0440	10.7044	11.0536	11.8463	12.3822	12.9414	13.8274	14.8690	15.7861	16.2598	16.4690	16.9660	16.0550	14.9496	13.5875	12.7543	11.3377	9.9522	8.4579	7.7414	6.9782	6.6662	6.5565	6.4623	6.3760	6.2896	6.2032	6.1168	6.0304	5.9440	5.8576	5.7712
66	10.3968	10.2804	10.2637	10.0142	9.8146	9.6732	9.5069	9.4237	9.2740	9.3156	9.1576	9.1825	9.1991	9.2407	9.3904	9.5234	9.7230	10.0723	10.3134	10.8124	11.5110	12.3093	12.9247	13.7064	14.9455	15.5027	15.9268	16.8582	17.4071	16.4840	15.7521	13.7396	13.0327	11.2613	10.2883	9.1490	7.7851	7.0866	6.5709	6.3880	6.3131	6.2216	6.1385	6.0553	5.9721	5.8889	5.8058	5.7226	5.6394	5.5562
67	9.7684	9.7166	9.6917	9.4698	9.3464	9.1155	8.9563	8.9761	8.7900	8.7920	8.6596	8.7960	8.9143	9.0327	9.2228	9.3860	9.7551	10.0884	10.8785	11.4357	12.0198	12.8367	14.0209	14.9453	15.0995	16.2209	16.5453	16.6458	17.2030	15.7094	15.0486	13.6356	12.1957	10.8902	9.1906	8.1626	7.3855	6.6083	6.1714	6.0391	5.9604	5.8818	5.8032	5.7246	5.6459	5.5673	5.4887	5.4100	5.3314	5.2528
68	9.6579	9.4001	9.4290	9.0852	9.0759	8.9806	8.7992	8.7899	8.7328	8.7330	8.7715	8.6570	9.0587	9.0972	9.4415	9.8718	10.1683	10.7707	11.6789	12.2717	12.9123	14.0499	14.1266	15.2928	15.3504	16.4497	16.7367	16.4693	16.3167	14.7304	13.9756	12.4562	11.3477	10.2011	8.7486	7.5542	6.8471	6.3026	5.9588	5.8635	5.7777	5.7015	5.6252	5.5490	5.4728	5.3966	5.3204	5.2441	5.1679	5.0917
69	9.5424	9.3894	9.2752	9.2000	8.9206	8.9133	8.8867	8.7142	8.9500	8.9623	8.9842	9.1714	9.2614	9.6723	9.9470	10.3286	10.8853	11.5586	11.9597	12.7886	13.0633	14.0866	14.4585	15.5985	16.0093	16.5173	15.9657	16.2307	15.8930	14.1747	13.2050	11.7007	10.7990	9.4697	8.4222	7.1317	6.6579	6.1354	5.9143	5.7807	5.7055	5.6302	5.5549	5.4797	5.4044	5.3291	5.2539	5.1786	5.1033	5.0281
70	10.7376	10.7693	10.5102	10.2511	10.1413	10.0315	9.8982	9.7648	9.6629	9.5060	9.5376	9.4357	9.3652	9.2869	9.4286	9.5545	9.6019	9.8458	10.1133	10.6086	11.3161	11.8822	12.6212	13.4152	13.4940	14.5709	15.8915	16.2454	16.8586	16.7253	16.3168	14.8396	13.6689	12.4903	11.1073	9.8423	8.8523	7.7759	6.9509	6.6525	6.5349	6.4487	6.3625	6.2763	6.1900	6.1038	6.0176	5.9314	5.8452	5.7590
71	10.4691	10.1639	10.0976	9.9572	9.7838	9.6516	9.4206	9.4038	9.2798	9.1394	9.1309	9.1059	9.0974	9.1960	9.2369	9.4427	9.8958	10.1263	10.4475	10.7192	11.6669	11.8974	13.0016	14.3367	14.7238	15.7292	16.3554	16.4705	16.9813	16.6101	15.7443	14.3674	12.9411	11.5395	9.9401	8.6127	7.7386	6.9635	6.5511	6.3529	6.2702	6.1875	6.1048	6.0221	5.9394	5.8566	5.7739	5.6912	5.6085	5.5258
72	9.7625	9.7287	9.6227	9.6160	9.3295	9.1783	9.0453	9.0476	8.9596	8.9619	8.8650	8.8853	8.8786	9.0975	9.4428	9.5805	10.1244	10.3975	10.6796	11.6568	12.1645	12.7445	13.6945	15.4660	15.2246	16.1114	16.8358	16.8291	16.7141	15.5340	15.0218	13.5077	12.1200	10.1998	9.0107	8.0562	7.3635	6.4632	6.1857	6.0617	5.9827	5.9038	5.8249	5.7460	5.6671	5.5881	5.5092	5.4303	5.3514	5.2724
73	9.6907	9.5944	9.3854	9.2797	9.3149	9.1435	9.0753	8.9415	8.8452	8.8052	9.0188	8.9506	9.1360	9.5655	9.8354	10.0865	10.2156	10.9080	11.7601	11.9173	13.0980	13.5838	14.5767	15.3912	16.1493	16.2596	16.5201	16.4989	15.6515	14.9824	13.5340	12.5363	11.1912	9.6395	8.5386	7.5127	6.9094	6.3811	6.0971	5.9632	5.8763	5.7988	5.7213	5.6437	5.5662	5.4887	5.4112	5.3337	5.2561	5.1786
74	9.6571	9.4273	9.4083	9.2934	9.2169	9.1308	9.0734	8.9682	8.9395	9.1121	9.2272	9.3040	9.7065	9.7450	10.5020	10.4926	11.2496	11.8821	12.3421	12.6010	13.5113	14.1246	14.7379	15.5046	15.7538	15.4282	16.5685	15.9937	15.3327	13.9723	12.9568	11.4623	10.4468	9.1535	8.3296	7.3524	6.5956	6.1933	5.9731	5.8966	5.8009	5.7244	5.6478	5.5713	5.4948	5.4183	5.3417	5.2652	5.1887	5.1122
75	10.7613	10.4928	10.4471	10.1865	10.1409	9.9360	9.8108	9.6298	9.6638	9.3714	9.3257	9.2642	9.2584	9.3561	9.3503	9.5276	9.8005	9.7867	10.0835	10.7545	11.1787	11.8815	12.3774	12.9688	14.0379	14.9398	15.5392	16.4331	16.6901	16.4932	16.0892	14.7855	13.8401	12.7594	11.2089	9.9370	8.5855	7.6481	6.9018	6.5934	6.4761	6.3907	6.3053	6.2198	6.1344	6.0490	5.9635	5.8781	5.7927	5.7072
76	10.4353	10.2372	10.0638	9.9150	9.7580	9.6832	9.3865	9.4432	9.2534	9.2690	9.1038	9.0454	9.1104	9.1178	9.2320	9.3216	9.6824	10.1007	10.3218	10.7648	11.6106	12.0700	12.8911	13.8684	14.6483	16.1598	15.8138	16.1828	17.0450	16.7072	15.9174	14.2398	13.3925	11.6328	10.2922	8.8613	7.8331	7.0186	6.5986	6.3923	6.2928	6.2098	6.1268	6.0438	5.9608	5.8777	5.7947	5.7117	5.6287	5.5457
77	9.9457	9.9005	9.6714	9.6262	9.4059	9.3520	9.2718	9.0602	9.0325	8.8647	9.0122	8.8882	8.9744	9.2708	9.1643	9.5833	10.0111	10.3775	10.7177	11.0491	12.0549	12.9206	13.5235	14.4767	15.2110	16.4095	16.7234	16.7307	16.8257	15.2041	15.2465	13.7036	12.4499	10.8282	9.4868	8.1717	7.3033	6.6188	6.3021	6.1693	6.0804	6.0002	5.9200	5.8397	5.7595	5.6793	5.5991	5.5189	5.4387	5.3585
78	9.7700	9.7554	9.4866	9.4447	9.2395	9.1704	9.1558	8.9142	9.0176	8.8032	8.9157	8.9101	9.1223	9.3164	9.3381	9.9497	10.3979	10.4649	11.5666	11.7607	12.5175	13.5193	13.9856	14.8513	16.2525	16.4284	16.8857	16.4445	16.1032	15.3443	13.7596	12.6195	11.3888	10.2306	8.9816	7.8598	6.8740	6.4056	6.1459	6.0042	5.9260	5.8478	5.7697	5.6915	5.6133	5.5351	5.4570	5.3788	5.3006	5.2224
79	9.5018	9.3981	9.1877	8.9676	8.9803	8.8378	8.7147	8.7274	8.7692	8.8110	8.5133	8.8656	8.7619	9.4634	9.5829	10.1195	10.5203	11.1248	11.5353	12.3630	12.9869	13.7564	14.6616	15.5087	16.4431	16.1066	16.4976	16.4230	15.9701	15.2358	13.5313	12.2634	10.8305	9.8440	8.1783	7.3761	6.7485	6.0918	5.9105	5.7389	5.6546	5.5800	5.5054	5.4308	5.3562	5.2816	5.2070	5.1324	5.0578	4.9832
80	10.6564	10.7801	10.6003	10.3039	10.2019	10.0689	9.9747	9.8183	9.6542	9.5522	9.4347	9.3483	9.3942	9.4401	9.4160	9.5474	9.6633	9.8493	10.0430	10.7035	11.0528	11.8456	12.3816	12.9409	13.8271	14.8688	15.7861	16.2598	16.4691	16.9662	16.0552	14.9496	13.5873	12.7540	11.3373	9.9516	8.4571	7.7405	6.9773	6.6653	6.5555	6.4614	6.3750	6.2886	6.2022	6.1159	6.0295	5.9431	5.8567	5.7704
81	10.3967	10.2803	10.2637	10.0141	9.8145	9.6731	9.5068	9.4236	9.2739	9.3155	9.1575	9.1824	9.1991	9.2406	9.3904	9.5234	9.7231	10.0724	10.3136	10.8127	11.5114	12.3098	12.9253	13.7072	14.9465	15.5038	15.9280	16.8595	17.4085	16.4853	15.7533	13.7405	13.0335	11.2619	10.2887	9.1492	7.7852	7.0865	6.5708	6.3878	6.3130	6.2215	6.1383	6.0552	5.9720	5.8888	5.8057	5.7225	5.6393	5.5561
82	9.7737	9.7218	9.6969	9.4750	9.3515	9.1207	8.9614	8.9812	8.7951	8.7970	8.6646	8.8008	8.9190	9.0373	9.2272	9.3902	9.7592	10.0923	10.8819	11.4389	12.0226	12.8392	14.0227	14.9467	15.1008	16.2217	16.5458	16.6462	17.2031	15.7100	15.0495	13.6369	12.1975	10.8924	9.1934	8.1658	7.3889	6.6119	6.1752	6.0428	5.9641	5.8854	5.8067	5.7281	5.6494	5.5707	5.4920	5.4133	5.3347	5.2560
83	9.6661	9.4084	9.4371	9.0935	9.0840	8.9886	8.8073	8.7978	8.7406	8.7407	8.7790	8.6645	9.0657	9.1040	9.4479	9.8777	10.1738	10.7755	11.6827	12.2749	12.9148	14.0512	14.1277	15.2928	15.3502	16.4484	16.7350	16.4677	16.3150	14.7300	13.9757	12.4575	11.3499	10.2041	8.7527	7.5592	6.8526	6.3084	5.9648	5.8694	5.7835	5.7072	5.6309	5.5546	5.4783	5.4020	5.3257	5.2495	5.1732	5.0969
84	9.5397	9.3867	9.2726	9.1973	8.9178	8.9107	8.8841	8.7116	8.9476	8.9598	8.9819	9.1692	9.2593	9.6703	9.9452	10.3271	10.8840	11.5576	11.9589	12.7882	13.0630	14.0868	14.4589	15.5993	16.0104	16.5187	15.9669	16.2320	15.8942	14.1754	13.2054	11.7005	10.7986	9.4688	8.4210	7.1300	6.6561	6.1334	5.9123	5.7787	5.7035	5.6282	5.5530	5.4778	5.4025	5.3273	5.2520	5.1768	5.1016	5.0263
85	10.7374	10.7691	10.5099	10.2508	10.1410	10.0312	9.8979	9.7645	9.6626	9.5056	9.5373	9.4354	9.3649	9.2866	9.4283	9.5543	9.6018	9.8457	10.1132	10.6087	11.3164	11.8826	12.6217	13.4158	13.4947	14.5718	15.8926	16.2466	16.8599	16.7266	16.3181	14.8406	13.6697	12.4909	11.1078	9.8425	8.8524	7.7758	6.9507	6.6523	6.5346	6.4484	6.3622	6.2760	6.1898	6.1036	6.0174	5.9312	5.8450	5.7588
86	10.4685	10.1632	10.0970	9.9565	9.7831	9.6510	9.4199	9.4031	9.2792	9.1388	9.1302	9.1052	9.0967	9.1954	9.2364	9.4422	9.8954	10.1259	10.4472	10.7190	11.6668	11.8974	13.0019	14.3372	14.7244	15.7300	16.3563	16.4714	16.9823	16.6110	15.7451	14.3681	12.9415	11.5397	9.9400	8.6124	7.7383	6.9630	6.5506	6.3524	6.2697	6.1870	6.1043	6.0216	5.9389	5.8562	5.7735	5.6907	5.6080	5.5253
87	9.7692	9.7354	9.6293	9.6225	9.3360	9.1848	9.0517	9.0539	8.9659	8.9682	8.8711	8.8914	8.8846	9.1034	9.4485	9.5861	10.1297	10.4027	10.6846	11.6614	12.1690	12.7487	13.6984	15.4692	15.2278	16.1144	16.8385	16.8317	16.7166	15.5368	15.0246	13.5109	12.1235	10.2037	9.0148	8.0606	7.3680	6.4679	6.1904	6.0663	5.9873	5.9083	5.8293	5.7503	5.6713	5.5924	5.5134	5.4344	5.3554	5.2764
88	9.6933	9.5970	9.3881	9.2824	9.3175	9.1461	9.0779	8.9441	8.8478	8.8078	9.0211	8.9529	9.1381	9.5672	9.8368	10.0876	10.2165	10.9083	11.7596	11.9166	13.0963	13.5817	14.5738	15.3876	16.1451	16.2552	16.5154	16.4941	15.6472	14.9786	13.5312	12.5342	11.1900	9.6394	8.5392	7.5140	6.9110	6.3831	6.0992	5.9653	5.8784	5.8008	5.7233	5.6457	5.5682	5.4906	5.4131	5.3355	5.2580	5.1805
89	9.6545	9.4247	9.4056	9.2908	9.2143	9.1282	9.0709	8.9657	8.9371	9.1096	9.2248	9.3015	9.7041	9.7425	10.4995	10.4901	11.2471	11.8796	12.3396	12.5984	13.5087	14.1220	14.7353	15.5019	15.7511	15.4255	16.5658	15.9911	15.3302	13.9699	12.9545	11.4600	10.4446	9.1514	8.3276	7.3505	6.5938	6.1916	5.9713	5.8948	5.7992	5.7227	5.6462	5.5697	5.4932	5.4167	5.3402	5.2637	5.1872	5.1107
90	11.0840	10.8457	10.7644	10.6009	10.4822	10.2963	10.1776	10.0290	9.8805	9.8291	9.6207	9.6666	9.4881	9.5564	9.5948	9.5884	9.8736	10.0466	10.3019	10.5048	11.0667	11.6660	12.1681	12.9843	13.4415	14.3325	14.8271	15.8078	16.1603	16.2511	16.1923	15.6772	14.2573	13.0692	11.8287	10.4835	9.0710	8.2643	7.4053	6.8753	6.7492	6.6380	6.5493	6.4605	6.3718	6.2830	6.1943	6.1056	6.0168	5.9281
91	10.5558	10.5679	10.2499	10.1895	10.0567	9.7065	9.6542	9.5938	9.3965	9.3603	9.3723	9.2636	9.0986	9.3279	9.3077	9.5290	9.5330	9.9072	10.4826	10.8890	11.0379	12.0399	12.7119	13.2953	14.1927	14.9774	15.8103	16.1685	17.1704	16.4662	16.1563	14.8162	13.6290	12.3452	10.9890	9.1902	8.3249	7.4838	6.7876	6.5743	6.4092	6.3247	6.2401	6.1556	6.0710	5.9865	5.9019	5.8174	5.7328	5.6483
92	10.2337	10.2950	9.8680	9.7020	9.6201	9.4710	9.4060	9.2905	9.1413	9.1016	9.0787	8.8958	8.9318	8.9847	9.2649	9.3767	9.8000	10.1728	10.5035	11.3225	11.7795	12.6996	13.1481	14.4470	14.7019	15.5967	16.6262	16.5023	16.8498	16.1113	15.1202	14.4996	12.8518	11.1872	10.0025	8.5905	7.7173	7.0966	6.5012	6.3100	6.2029	6.1210	6.0392	5.9574	5.8756	5.7937	5.7119	5.6301	5.5483	5.4664
93	9.9171	9.8847	9.4615	9.3746	9.2149	9.1462	9.0410	9.0086	8.9035	8.7438	8.7750	8.7698	9.0190	9.1047	8.9541	9.4850	9.9069	10.3288	11.0232	11.7903	12.6210	12.6795	14.2371	14.4409	15.5260	16.1477	16.3879	17.0551	16.8954	15.4910	14.3501	13.3182	11.9410	10.8092	9.3593	8.2002	7.1592	6.5726	6.1585	6.0079	5.9028	5.8249	5.7471	5.6692	5.5913	5.5135	5.4356	5.3577	5.2799	5.2020
94	9.5573	9.4916	9.2609	9.0787	9.0615	8.9376	8.8913	8.8256	8.7502	8.6942	8.6771	8.8541	8.8758	9.3344	9.3755	9.8438	10.6518	10.5570	11.5496	12.1053	12.6900	13.4496	14.0247	14.9396	15.6506	16.0509	16.4124	16.6671	15.9897	15.7687	14.2467	13.0839	11.2124	9.9913	8.9159	7.7337	6.8913	6.3402	6.0124	5.8010	5.7159	5.6405	5.5651	5.4897	5.4143	5.3389	5.2635	5.1881	5.1127	5.0373
95	11.1394	11.0855	10.9368	10.7880	10.6246	10.5123	10.3197	10.2148	10.1317	9.9245	9.9217	9.8459	9.6898	9.6724	9.7134	9.6522	9.8245	10.2012	10.4173	10.4728	10.9882	11.7151	11.8948	12.8625	13.4727	14.3165	14.9559	15.7412	16.1763	16.5019	15.8203	15.3359	14.2311	13.0460	12.1017	10.2672	9.0237	8.3203	7.4125	7.0448	6.8596	6.7619	6.6715	6.5811	6.4907	6.4003	6.3099	6.2195	6.1291	6.0387
96	10.5646	10.3512	10.4110	10.1815	10.1128	9.8672	9.6297	9.5770	9.5002	9.4716	9.2341	9.2135	9.2653	9.1644	9.4652	9.4205	9.6169	10.0382	10.4997	10.7282	11.3022	12.1414	12.3779	13.6268	14.1607	15.3373	15.3328	16.1719	17.0111	16.2352	16.3834	15.1255	13.3453	12.0151	10.8054	9.4912	8.2253	7.3852	6.7540	6.5245	6.4316	6.3468	6.2619	6.1771	6.0922	6.0074	5.9226	5.8377	5.7529	5.6680
97	10.0283	9.8948	9.6192	9.6011	9.4499	9.4762	9.3160	9.1026	9.0312	9.0398	8.9063	9.0214	9.1543	9.1628	9.2247	9.4286	9.8545	10.2271	10.8128	11.0256	12.0287	12.5789	13.3244	13.9634	14.9132	16.0139	15.9337	16.8036	16.6168	16.3501	15.4441	14.1118	12.2557	11.0389	10.0619	8.7474	7.6460	6.9442	6.4111	6.1800	6.0820	6.0017	5.9215	5.8413	5.7610	5.6808	5.6006	5.5203	5.4401	5.3599
98	9.4896	9.5404	9.2030	9.0112	8.9164	8.8994	8.6784	8.6808	8.7511	8.6952	8.6490	8.7193	8.8672	8.8113	9.3670	9.6703	9.7309	10.7041	10.8132	11.8640	12.7013	13.7618	14.4146	14.3684	15.3804	15.9943	16.8510	16.5039	16.4771	16.1785	14.3751	13.2707	11.7780	10.1785	9.1518	7.9018	6.8653	6.3823	6.0157	5.8045	5.7097	5.6344	5.5591	5.4838	5.4084	5.3331	5.2578	5.1825	5.1071	5.0318
99	9.0790	8.8917	8.6831	8.5595	8.4891	8.5462	8.2632	8.3735	8.5051	8.2540	8.4068	8.6234	8.9144	9.1310	9.4646	10.1064	10.4825	11.0924	11.5216	12.0678	12.9435	13.8724	14.2484	15.1560	15.5640	16.4610	16.7626	16.1819	16.4517	14.8399	14.1848	12.6048	11.4501	9.7213	8.5666	7.2843	6.6823	5.8784	5.6379	5.4399	5.3376	5.2672	5.1968	5.1264	5.0560	4.9856	4.9152	4.8447	4.7743	4.7039
100	11.0595	10.8789	10.6287	10.4790	10.3216	10.2956	10.0995	9.9498	9.8001	9.6118	9.5936	9.6295	9.5571	9.5157	9.4279	9.7112	9.6930	9.9222	10.3447	10.6590	10.8573	11.5814	12.1354	12.9291	13.6145	14.1840	15.0860	15.7173	16.2713	16.9103	16.2657	15.0644	14.4817	12.9943	11.6460	10.5220	9.2279	8.1271	7.3433	6.8147	6.6728	6.5695	6.4817	6.3938	6.3060	6.2182	6.1304	6.0425	5.9547	5.8669
101	10.4292	10.4359	10.1712	10.0956	9.8884	9.7306	9.6386	9.6041	9.3641	9.2721	9.1800	9.1127	9.1439	9.2246	9.2805	9.4105	9.6062	9.9171	10.2690	10.8758	11.2360	12.1388	12.9183	13.9938	14.2635	15.3801	15.4607	16.3718	16.8059	16.1055	16.0792	14.8608	13.3464	12.0868	11.0082	9.3458	8.3164	7.2871	6.7675	6.4699	6.3532	6.2694	6.1856	6.1018	6.0180	5.9342	5.8504	5.7666	5.6827	5.5989
102	9.9327	9.7373	9.6579	9.4536	9.4903	9.2948	9.1351	9.1004	9.0656	8.9416	8.9069	8.8632	8.9088	9.2669	9.2232	9.5456	9.8412	10.1546	11.0661	11.2367	12.2197	12.4974	13.5161	14.1956	14.9107	15.5634	16.2071	16.8419	16.5304	16.4600	15.6575	13.6945	12.6331	10.8843	9.6980	8.3331	7.5395	6.7906	6.3273	6.1319	6.0168	5.9375	5.8581	5.7787	5.6993	5.6200	5.5406	5.4612	5.3818	5.3025
103	9.4172	9.3421	9.1994	8.9892	9.0107	8.7907	8.7833	8.5537	8.6042	8.5581	8.7245	8.7170	8.9317	9.2043	9.3997	9.4405	10.0029	10.6908	11.1083	12.0184	12.4938	13.7130	14.1208	14.9053	15.8250	15.8948	16.5924	16.7202	16.2685	15.4594	14.1481	13.2231	11.8731	10.3976	8.9415	7.7267	6.9370	6.3887	5.9562	5.7942	5.6902	5.6151	5.5401	5.4650	5.3899	5.3149	5.2398	5.1648	5.0897	5.0146
104	9.0392	8.9371	8.8562	8.6271	8.5463	8.4125	8.3951	8.3989	8.4663	8.5654	8.5904	8.7107	8.8733	9.3430	9.7068	9.8482	10.4026	10.9993	11.8501	12.4786	13.0012	13.9790	15.0839	15.2678	16.2350	16.1859	16.4438	16.0136	15.3398	14.7613	14.1405	12.8315	10.9191	9.8112	8.3540	7.2144	6.4030	5.8987	5.5743	5.4087	5.3278	5.2576	5.1873	5.1170	5.0467	4.9764	4.9061	4.8359	4.7656	4.6953
105	11.0810	10.8428	10.7616	10.5981	10.4794	10.2935	10.1749	10.0264	9.8778	9.8265	9.6182	9.6640	9.4856	9.5539	9.5923	9.5858	9.8710	10.0439	10.2992	10.5020	11.0638	11.6630	12.1650	12.9810	13.4381	14.3288	14.8233	15.8038	16.1562	16.2469	16.1881	15.6732	14.2536	13.0658	11.8256	10.4808	9.0687	8.2622	7.4033	6.8735	6.7474	6.6362	6.5475	6.4588	6.3701	6.2814	6.1926	6.1039	6.0152	5.9265
106	10.5520	10.5641	10.2462	10.1858	10.0530	9.7029	9.6506	9.5902	9.3931	9.3568	9.3689	9.2602	9.0952	9.3245	9.3044	9.5257	9.5297	9.9038	10.4792	10.8855	11.0344	12.0362	12.7081	13.2915	14.1887	14.9733	15.8062	16.1642	17.1661	16.4619	16.1521	14.8122	13.6252	12.3417	10.9858	9.1872	8.3221	7.4812	6.7851	6.5718	6.4068	6.3223	6.2378	6.1533	6.0687	5.9842	5.8997	5.8152	5.7307	5.6462
107	10.2345	10.2958	9.8687	9.7027	9.6209	9.4717	9.4067	9.2912	9.1420	9.1023	9.0794	8.8965	8.9325	8.9854	9.2656	9.3774	9.8007	10.1735	10.5043	11.3233	11.7803	12.7003	13.1489	14.4479	14.7028	15.5976	16.6271	16.5032	16.8507	16.1122	15.1211	14.5004	12.8526	11.1879	10.0032	8.5911	7.7178	7.0972	6.5017	6.3105	6.2034	6.1215	6.0397	5.9579	5.8760	5.7942	5.7124	5.6305	5.5487	5.4669
108	9.9189	9.8864	9.4634	9.3764	9.2168	9.1480	9.0429	9.0104	8.9053	8.7456	8.7767	8.7715	9.0206	9.1062	8.9556	9.4863	9.9079	10.3295	11.0237	11.7904	12.6208	12.6791	14.2361	14.4397	15.5244	16.1458	16.3858	17.0527	16.8931	15.4891	14.3486	13.3171	11.9404	10.8090	9.3597	8.2010	7.1603	6.5738	6.1599	6.0094	5.9042	5.8263	5.7484	5.6706	5.5927	5.5148	5.4369	5.3590	5.2811	5.2032
109	9.5527	9.4871	9.2563	9.0741	9.0570	8.9330	8.8868	8.8212	8.7458	8.6899	8.6728	8.8501	8.8719	9.3308	9.3720	9.8407	10.6494	10.5546	11.5479	12.1041	12.6893	13.4495	14.0250	14.9406	15.6521	16.0528	16.4146	16.6696	15.9919	15.7708	14.2479	13.0845	11.2118	9.9901	8.9141	7.7312	6.8883	6.3370	6.0090	5.7976	5.7126	5.6372	5.5618	5.4865	5.4111	5.3358	5.2604	5.1850	5.1097	5.0343
110	11.1407	11.0868	10.9380	10.7892	10.6258	10.5135	10.3210	10.2160	10.1329	9.9257	9.9229	9.8471	9.6910	9.6735	9.7145	9.6533	9.8255	10.2021	10.4182	10.4737	10.9889	11.7157	11.8953	12.8629	13.4730	14.3165	14.9558	15.7410	16.1759	16.5014	15.8200	15.3356	14.2309	13.0460	12.1019	10.2676	9.0243	8.3210	7.4134	7.0457	6.8605	6.7627	6.6723	6.5819	6.4915	6.4011	6.3107	6.2203	6.1299	6.0395
111	10.5612	10.3479	10.4076	10.1783	10.1095	9.8641	9.6267	9.5740	9.4972	9.4686	9.2312	9.2106	9.2623	9.1614	9.4621	9.4174	9.6136	10.0347	10.4960	10.7244	11.2980	12.1367	12.3731	13.6213	14.1549	15.3308	15.3263	16.1650	17.0037	16.2282	16.3763	15.1190	13.3398	12.0103	10.8012	9.4877	8.2224	7.3827	6.7518	6.5225	6.4296	6.3448	6.2600	6.1752	6.0904	6.0055	5.9207	5.8359	5.7511	5.6663
112	10.0271	9.8936	9.6181	9.6000	9.4488	9.4751	9.3150	9.1016	9.0303	9.0388	8.9053	9.0204	9.1532	9.1617	9.2235	9.4273	9.8531	10.2255	10.8110	11.0237	12.0264	12.5764	13.3216	13.9604	14.9098	16.0101	15.9299	16.7994	16.6127	16.3461	15.4403	14.1086	12.2531	11.0367	10.0600	8.7460	7.6450	6.9434	6.4105	6.1794	6.0814	6.0012	5.9209	5.8407	5.7605	5.6803	5.6000	5.5198	5.4396	5.3594
113	9.4925	9.5434	9.2060	9.0142	8.9194	8.9023	8.6814	8.6836	8.7539	8.6979	8.6517	8.7219	8.8698	8.8139	9.3694	9.6725	9.7330	10.7058	10.8149	11.8654	12.7023	13.7625	14.4150	14.3688	15.3804	15.9941	16.8505	16.5034	16.4766	16.1780	14.3751	13.2710	11.7787	10.1796	9.1531	7.9035	6.8673	6.3843	6.0178	5.8066	5.7118	5.6365	5.5611	5.4858	5.4104	5.3351	5.2597	5.1844	5.1090	5.0337
114	9.0791	8.8917	8.6831	8.5595	8.4891	8.5463	8.2632	8.3736	8.5052	8.2540	8.4069	8.6235	8.9146	9.1312	9.4648	10.1067	10.4829	11.0929	11.5222	12.0684	12.9442	13.8732	14.2494	15.1571	15.5651	16.4622	16.7639	16.1831	16.4530	14.8409	14.1858	12.6056	11.4507	9.7218	8.5669	7.2844	6.6824	5.8784	5.6379	5.4399	5.3376	5.2672	5.1968	5.1264	5.0559	4.9855	4.9151	4.8447	4.7743	4.7039
115	11.0563	10.8756	10.6254	10.4757	10.3183	10.2924	10.0963	9.9466	9.7969	9.6086	9.5904	9.6264	9.5541	9.5127	9.4249	9.7085	9.6903	9.9197	10.3425	10.6570	10.8554	11.5799	12.1342	12.9283	13.6142	14.1840	15.0864	15.7181	16.2724	16.9118	16.2670	15.0652	14.4823	12.9942	11.6455	10.5210	9.2264	8.1252	7.3411	6.8124	6.6704	6.5672	6.4794	6.3916	6.3038	6.2160	6.1282	6.0404	5.9526	5.8648
116	10.4296	10.4361	10.1716	10.0960	9.8889	9.7312	9.6391	9.6046	9.3647	9.2727	9.1807	9.1133	9.1444	9.2249	9.2807	9.4105	9.6059	9.9164	10.2679	10.8741	11.2338	12.1357	12.9143	13.9887	14.2580	15.3735	15.4539	16.3640	16.7977	16.0978	16.0715	14.8541	13.3411	12.0826	11.0049	9.3440	8.3156	7.2871	6.7680	6.4706	6.3539	6.2701	6.1863	6.1024	6.0186	5.9348	5.8510	5.7672	5.6833	5.5995
117	9.9335	9.7380	9.6587	9.4543	9.4910	9.2955	9.1358	9.1011	9.0663	8.9423	8.9076	8.8639	8.9095	9.2675	9.2239	9.5462	9.8417	10.1552	11.0667	11.2372	12.2202	12.4979	13.5165	14.1959	14.9111	15.5637	16.2074	16.8422	16.5307	16.4602	15.6578	13.6948	12.6334	10.8847	9.6984	8.3335	7.5400	6.7911	6.3278	6.1324	6.0173	5.9379	5.8586	5.7792	5.6998	5.6204	5.5410	5.4617	5.3823	5.3029
118	9.4096	9.3346	9.1920	8.9817	9.0033	8.7834	8.7760	8.5464	8.5971	8.5510	8.7176	8.7102	8.9251	9.1979	9.3935	9.4344	9.9971	10.6855	11.1032	12.0138	12.4895	13.7093	14.1174	14.9023	15.8225	15.8925	16.5904	16.7184	16.2665	15.4572	14.1455	13.2202	11.8698	10.3938	8.9371	7.7219	6.9319	6.3835	5.9510	5.7890	5.6851	5.6101	5.5351	5.4601	5.3851	5.3101	5.2351	5.1601	5.0851	5.0101
119	9.0389	8.9368	8.8560	8.6269	8.5460	8.4123	8.3949	8.3987	8.4660	8.5651	8.5901	8.7103	8.8729	9.3424	9.7061	9.8475	10.4018	10.9983	11.8489	12.4772	12.9997	13.9773	15.0819	15.2657	16.2327	16.1836	16.4414	16.0113	15.3377	14.7593	14.1386	12.8299	10.9179	9.8103	8.3534	7.2140	6.4028	5.8985	5.5742	5.4087	5.3278	5.2575	5.1872	5.1170	5.0467	4.9764	4.9061	4.8358	4.7655	4.6953
120	11.0775	10.8392	10.7580	10.5945	10.4759	10.2899	10.1713	10.0228	9.8743	9.8230	9.6146	9.6606	9.4821	9.5506	9.5891	9.5827	9.8681	10.0413	10.2968	10.4999	11.0621	11.6617	12.1641	12.9807	13.4382	14.3296	14.8245	15.8057	16.1585	16.2494	16.1906	15.6755	14.2550	13.0666	11.8257	10.4801	9.0671	8.2602	7.4009	6.8708	6.7447	6.6336	6.5449	6.4562	6.3676	6.2789	6.1902	6.1015	6.0128	5.9242
121	10.5561	10.5681	10.2502	10.1898	10.0569	9.7068	9.6544	9.5940	9.3968	9.3605	9.3726	9.2639	9.0988	9.3282	9.3080	9.5293	9.5332	9.9074	10.4829	10.8893	11.0381	12.0401	12.7121	13.2955	14.1929	14.9775	15.8105	16.1686	17.1706	16.4663	16.1564	14.8163	13.6291	12.3454	10.9892	9.1903	8.3251	7.4840	6.7878	6.5745	6.4094	6.3249	6.2403	6.1558	6.0712	5.9867	5.9021	5.8175	5.7330	5.6484
122	10.2352	10.2965	9.8695	9.7034	9.6216	9.4724	9.4074	9.2919	9.1427	9.1030	9.0800	8.8972	8.9332	8.9860	9.2662	9.3780	9.8012	10.1740	10.5046	11.3236	11.7805	12.7004	13.1489	14.4477	14.7026	15.5973	16.6267	16.5027	16.8502	16.1118	15.1207	14.5001	12.8525	11.1880	10.0033	8.5914	7.7182	7.0976	6.5023	6.3110	6.2039	6.1220	6.0402	5.9584	5.8765	5.7947	5.7128	5.6310	5.5492	5.4673
123	9.9180	9.8855	9.4624	9.3754	9.2158	9.1470	9.0419	9.0094	8.9043	8.7446	8.7758	8.7706	9.0198	9.1054	8.9549	9.4857	9.9075	10.3293	11.0237	11.7907	12.6214	12.6798	14.2372	14.4410	15.5260	16.1477	16.3878	17.0549	16.8953	15.4909	14.3501	13.3183	11.9412	10.8095	9.3597	8.2007	7.1598	6.5731	6.1591	6.0086	5.9034	5.8255	5.7477	5.6698	5.5919	5.5140	5.4362	5.3583	5.2804	5.2025
124	9.5508	9.4852	9.2544	9.0721	9.0551	8.9312	8.8850	8.8194	8.7440	8.6881	8.6711	8.8483	8.8702	9.3292	9.3705	9.8392	10.6480	10.5533	11.5467	12.1029	12.6883	13.4485	14.0242	14.9399	15.6515	16.0523	16.4142	16.6692	15.9914	15.7704	14.2473	13.0838	11.2109	9.9891	8.9130	7.7300	6.8871	6.3356	6.0077	5.7963	5.7112	5.6359	5.5605	5.4852	5.4099	5.3345	5.2592	5.1838	5.1085	5.0332
125	11.1407	11.0868	10.9380	10.7892	10.6258	10.5135	10.3209	10.2159	10.1328	9.9257	9.9228	9.8470	9.6909	9.6735	9.7145	9.6532	9.8256	10.2022	10.4183	10.4738	10.9891	11.7161	11.8957	12.8634	13.4736	14.3173	14.9567	15.7420	16.1770	16.5026	15.8211	15.3366	14.2318	13.0467	12.1025	10.2680	9.0245	8.3211	7.4134	7.0457	6.8604	6.7627	6.6723	6.5819	6.4915	6.4011	6.3107	6.2202	6.1298	6.0394
126	10.5653	10.3519	10.4117	10.1822	10.1134	9.8679	9.6303	9.5776	9.5008	9.4722	9.2347	9.2141	9.2659	9.1650	9.4658	9.4211	9.6175	10.0389	10.5005	10.7290	11.3031	12.1423	12.3789	13.6279	14.1618	15.3385	15.3340	16.1733	17.0125	16.2366	16.3848	15.1267	13.3464	12.0160	10.8062	9.4919	8.2259	7.3857	6.7544	6.5249	6.4320	6.3472	6.2623	6.1775	6.0926	6.0078	5.9229	5.8381	5.7532	5.6684
127	10.0270	9.8935	9.6179	9.5998	9.4486	9.4749	9.3148	9.1013	9.0300	9.0386	8.9051	9.0203	9.1532	9.1618	9.2237	9.4277	9.8538	10.2266	10.8125	11.0254	12.0288	12.5792	13.3251	13.9643	14.9144	16.0155	15.9353	16.8055	16.6187	16.3519	15.4457	14.1131	12.2564	11.0392	10.0619	8.7471	7.6454	6.9434	6.4102	6.1790	6.0810	6.0008	5.9206	5.8403	5.7601	5.6799	5.5997	5.5195	5.4392	5.3590
128	9.4976	9.5482	9.2111	9.0194	8.9246	8.9074	8.6866	8.6887	8.7587	8.7027	8.6564	8.7263	8.8738	8.8178	9.3724	9.6749	9.7352	10.7065	10.8153	11.8641	12.6997	13.7582	14.4097	14.3634	15.3734	15.9861	16.8411	16.4944	16.4674	16.1691	14.3686	13.2659	11.7755	10.1785	9.1533	7.9052	6.8703	6.3879	6.0217	5.8106	5.7158	5.6404	5.5650	5.4896	5.4142	5.3388	5.2634	5.1880	5.1126	5.0372
129	9.3380	9.1521	8.9456	8.8213	8.7483	8.7987	8.5203	8.6221	8.7444	8.4968	8.6397	8.8442	9.1207	9.3252	9.6427	10.2583	10.6170	11.2017	11.6117	12.1348	12.9764	13.8694	14.2281	15.1005	15.4900	16.3522	16.6389	16.0728	16.3287	14.7658	14.1277	12.5956	11.4746	9.7987	8.6776	7.4333	6.8466	6.0647	5.8273	5.6311	5.5274	5.4544	5.3815	5.3086	5.2357	5.1628	5.0899	5.0169	4.9440	4.8711
130	11.0578	10.8772	10.6270	10.4773	10.3199	10.2940	10.0979	9.9482	9.7986	9.6102	9.5920	9.6279	9.5556	9.5142	9.4264	9.7098	9.6916	9.9208	10.3434	10.6578	10.8561	11.5803	12.1344	12.9282	13.6137	14.1833	15.0854	15.7168	16.2708	16.9100	16.2654	15.0639	14.4812	12.9936	11.6452	10.5211	9.2269	8.1260	7.3422	6.8136	6.6716	6.5684	6.4806	6.3927	6.3049	6.2171	6.1293	6.0415	5.9537	5.8659
131	10.4339	10.4404	10.1759	10.1002	9.8932	9.7355	9.6434	9.6088	9.3689	9.2769	9.1848	9.1174	9.1484	9.2288	9.2845	9.4141	9.6094	9.9197	10.2710	10.8768	11.2363	12.1377	12.9159	13.9897	14.2589	15.3738	15.4541	16.3637	16.7971	16.0975	16.0711	14.8542	13.3417	12.0838	11.0064	9.3462	8.3181	7.2900	6.7710	6.4737	6.3570	6.2731	6.1893	6.1054	6.0215	5.9377	5.8538	5.7700	5.6861	5.6022
132	9.9340	9.7386	9.6592	9.4549	9.4915	9.2961	9.1364	9.1016	9.0669	8.9429	8.9081	8.8644	8.9100	9.2680	9.2243	9.5466	9.8421	10.1554	11.0668	11.2373	12.2201	12.4978	13.5163	14.1956	14.9106	15.5631	16.2067	16.8414	16.5299	16.4595	15.6571	13.6944	12.6331	10.8846	9.6984	8.3337	7.5403	6.7915	6.3283	6.1328	6.0178	5.9384	5.8590	5.7796	5.7002	5.6208	5.5414	5.4621	5.3827	5.3033
133	9.4199	9.3448	9.2022	8.9920	9.0134	8.7935	8.7860	8.5565	8.6069	8.5607	8.7269	8.7193	8.9337	9.2060	9.4011	9.4418	10.0036	10.6908	11.1079	12.0171	12.4920	13.7100	14.1174	14.9011	15.8199	15.8896	16.5864	16.7140	16.2626	15.4541	14.1438	13.2196	11.8707	10.3964	8.9414	7.7276	6.9385	6.3905	5.9584	5.7965	5.6924	5.6173	5.5422	5.4671	5.3920	5.3169	5.2419	5.1668	5.0917	5.0166
134	9.3122	9.2087	9.1255	8.8994	8.8163	8.6821	8.6602	8.6588	8.7187	8.8092	8.8282	8.9391	9.0909	9.5389	9.8848	10.0161	10.5458	11.1164	11.9321	12.5332	13.0323	13.9706	15.0314	15.2036	16.1316	16.0791	16.3228	15.9027	15.2476	14.6844	14.0803	12.8124	10.9623	9.8884	8.4775	7.3730	6.5851	6.0934	5.7754	5.6105	5.5274	5.4545	5.3816	5.3086	5.2357	5.1628	5.0899	5.0170	4.9441	4.8711
