3.108831213214778844e-01
1.149414782996600826e+00
6.550910016227127208e-01
1.406004927624647793e+00
2.045879883866956739e+00
9.224298046535450712e-02
7.109226185711736701e-01
2.264580894909016706e+00
1.276771015254362762e+00
2.485609380058102502e-01
1.961218381084589346e+00
1.852511051577112156e+00
4.022271232469240232e+00
5.822217598684664708e-01
1.027842125695340059e+00
2.322969978680787140e+00
1.784791266655979536e-01
1.531844507853212134e+00
3.859703828147923232e+00
6.297840712606133984e+00
1.051634776055710319e+00
4.228026378071088054e-01
9.723940825438066593e-01
1.278657814264413828e+00
3.823726932952067781e+00
9.513317488097569052e-01
1.733709393537065990e+00
5.206059613390761065e-01
2.247197664914493132e-01
3.856610310758496141e+00
1.221470111374094669e+00
2.365096968689783530e-01
7.605075689956370955e-01
1.865830645503046004e+00
6.262248182154381837e-01
4.376001138142330271e-01
3.439218352612376517e-01
2.295836771354369255e-01
2.498090283108981291e-01
8.076901992957914445e-01
1.906283269877576014e+00
3.909065343652335933e-01
5.694718104304201667e-01
2.024174091412761722e+00
2.335733603245938816e+00
1.212438128120279512e-01
1.956219815920563709e+00
2.705526868625089953e-01
3.065994405454667060e+00
1.528691642105669546e-01
1.323698660533667804e+00
5.473021699768021442e-01
3.250305092074424529e+00
1.021459627588890529e+00
6.915413548428112067e-01
1.531844507853212134e+00
1.661206763666619235e+00
9.567057152188556124e-01
1.869014086246314710e+00
1.701803407916230970e+00
3.053943379595421836e-01
1.123910521696142695e+00
6.070616676894133867e-01
1.804873469145144682e+00
4.870439462609366110e-01
2.000738046121563585e+00
1.171086007465401924e+00
8.407710216188764019e-01
1.290470106337467726e+00
2.100217672555671378e+00
9.157982422182141535e-01
2.000738046121563585e+00
1.096952055708227958e+00
2.651864933920701217e-01
1.314525537601233918e+00
7.179021396128928423e-01
8.547792454035632037e-01
6.624284066614561928e-01
3.233351672325088799e-01
1.373790422883884199e+00
2.264069421124657921e+00
6.722902510784846131e-01
7.379559334581438090e-01
2.291016126538559572e+00
1.739006249639301727e+00
1.912303590668155806e+00
3.663766423180403464e-01
1.946555799237904116e+00
1.037550061605202689e+00
1.061669802693506304e+00
2.999028567018342528e-01
7.109226185711736701e-01
8.119305504448215416e-01
2.432367648243824121e+00
1.631952773136357004e+00
1.893673852301356320e-01
7.285406611101672425e-01
4.228026378071088054e-01
5.474356558180122345e-01
8.443331464188519320e-03
2.364805407551436645e+00
2.509350079338629413e+00
2.136638927606711924e+00
5.473149297320150097e-01
2.084136750243962055e+00
3.810749431280652244e-01
2.032937755236462252e+00
8.068557288233257907e-01
1.220512348582192708e+00
1.224179108427283502e+00
1.152215623302735192e+00
2.770616220442748689e-01
4.019080358639191886e+00
4.746859894711612515e-01
2.036160657729988888e+00
2.295361051882461867e-01
2.305222598090285402e+00
2.580292933384070952e+00
4.012294488887936161e+00
2.539203962512075030e+00
4.685167116987805636e-01
1.537274405602284677e+00
1.688119979079643507e+00
2.037500464967255009e+00
1.909995190728230874e-02
1.265407208099478042e+00
1.483730607358657361e+00
1.076709210445277787e+00
1.501982707503592085e+00
1.133282825092658097e+00
2.027549470525005226e+00
1.034164306934862054e+00
1.463786101435845755e+00
7.950396673456564534e-01
2.516297154658164725e+00
2.569645179737573559e-01
1.247101286937302156e-01
6.783847985657367463e-01
4.122682232274321734e-01
3.570331401310105068e+00
1.370199699832035378e-01
7.978868627231292532e-01
2.153951306142341870e+00
4.040739057013187363e-03
7.125596076537716872e-01
2.906022088308906071e-01
7.617915174880260931e-01
1.630382687702273570e+00
1.937815342546321595e+00
2.011038368537279020e-01
1.799287286741192426e-01
1.739006249639301727e+00
1.228304455573878684e+00
2.365795257286542164e+00
5.659421591652760153e-01
2.373222321335132889e+00
6.554087056991146909e-01
6.280416047042360894e-01
2.681531264071314702e+00
1.291228711812200336e+00
1.189754344743553016e+00
7.093046268606240101e-01
8.592509538082300224e-01
4.891042905790964568e+00
2.093617105685503965e+00
3.421118126809219451e-01
5.844609193193766039e-01
1.125303000214928906e+00
1.043202359941689306e+00
1.129969542744241551e+00
8.336157222267321920e-01
1.370199699832035378e-01
8.782909983719404678e-01
9.898595609835799669e-01
6.040813085262903837e-01
6.895294684308739264e-02
9.650352732102431830e-01
1.523365117237024169e+00
8.083484957744153654e-01
1.563749063328089051e+00
4.616179785641296718e+00
3.589268350990582501e+00
2.472764175256152441e-01
4.081562880073903443e-01
1.085590034901311673e+00
1.341061948397665127e+00
6.286882874344230654e-01
2.153951306142341870e+00
4.451441809990706600e-01
4.429540888240768859e-01
1.318516213680199112e+00
2.539300874712824285e-01
6.538071859775640426e-02
1.865830645503046004e+00
9.859881387770074168e-01
8.528622787045082587e-01
9.044739540408608391e-02
2.751993303495915644e+00
8.322455575791476434e-03
2.511167575611314984e-01
7.258451884461780690e-02
3.213795272917460144e-01
4.804448344771623525e-01
4.429540888240768859e-01
9.161380904632996369e-01
1.615779763093718291e+00
2.009638825356319103e-03
1.556544999142545516e+00
3.271104884279041336e+00
4.457444430846724259e-03
1.063567014372774899e+00
5.465502494928848876e-01
3.218196284136657148e+00
1.559202712915580102e+00
8.887900155906829358e-01
1.310844297892879151e-01
6.445707140743177632e-01
6.938005449830464411e-01
1.329627030169229007e+00
1.725393129294434669e-01
1.820213521950141411e-01
1.576441302054647053e+00
2.429167916200230870e+00
2.682592513985484040e+00
4.040739057013187363e-03
1.213088891930693691e+00
9.567368252783131632e-01
1.027842125695340059e+00
2.329282935060317250e-01
4.467927259918731409e-01
6.790387780903364146e-01
2.189345712615482498e-01
4.359210926516385864e-01
7.838531415568461558e-01
2.229005975266022510e+00
4.103715245089992081e+00
1.617049852172658841e+00
6.229069604063046661e-01
8.479037270044976760e-01
1.342058905646711375e+00
1.166164740142527911e+00
1.380020059069943184e+00
7.375844991889882740e-01
2.229351128922010705e+00
4.994463724574393915e-01
1.032953225558059795e+00
2.189345712615482498e-01
3.053943379595421836e-01
2.093617105685503965e+00
2.572369941174564190e+00
4.952139493793664693e-01
1.499168561551860179e-01
1.642006303703553716e-01
1.739006249639301727e+00
2.807072149146521145e-01
4.520620355871833862e-01
2.807072149146521145e-01
1.191673990219524137e+00
1.413105279755488164e+00
1.082347164838544096e+00
7.390520240442555178e-02
2.588716749663438677e+00
3.753714547846703775e-01
3.021645915114785641e-01
7.109226185711736701e-01
1.698939395996139634e-01
3.295668474239720425e+00
8.374520477402628282e-01
3.515822812226470084e-01
6.904476207341905258e-01
1.598207948113764987e+00
7.226912603377549926e-01
6.506127816436269029e-02
8.735770192763649966e-01
1.569179681099548418e-01
3.491773506884583433e-01
2.139809028145287506e+00
2.858245716685217097e-01
9.609106531917217531e-01
6.801127390665897554e-01
1.491879069844619154e+00
1.180432397587256377e+00
1.952674096004325399e-01
6.087375521026989755e-01
3.079612993923253050e-01
2.047159025079340999e+00
1.529028415481013869e+00
7.766444520013975339e-01
2.682592513985484040e+00
2.109456530629342019e+00
5.813833554070746423e-01
1.441075008826587123e+00
1.064008497960885702e+00
2.604140652230652719e+00
2.442860575789532529e+00
2.604581374182990405e+00
6.609198018989537182e-01
1.745065510577201717e+00
9.161380904632996369e-01
1.225758096917219042e+00
8.221660569955999143e-02
8.470882509428963036e-01
1.079866329820068582e+00
3.882396172826497183e-01
4.487564992014203558e-01
7.814626576664429614e-02
1.226144147494883541e+00
6.744023143950559351e-01
2.612826130192206442e+00
5.366995580435193203e-01
4.080262686999533983e-01
1.453282908615123548e+00
1.027314794645501239e+00
1.708004800453286620e-01
2.265043541245243208e+00
1.447374809528464645e+00
1.966786727356393039e+00
1.825033464346978773e+00
1.130138066516130690e+00
4.733085722046634913e-01
4.580047449092221057e-01
2.358206603127827039e-01
3.361177108551069992e-01
4.012294488887936161e+00
2.008432331685803263e-01
6.653944868517287503e-01
9.530543109448832428e-01
1.408059546148162200e+00
4.952139493793664693e-01
2.333659562102758933e+00
3.053943379595421836e-01
9.046895124700429225e-01
1.133282825092658097e+00
6.392983994974353879e-01
1.269752339662337803e+00
6.538071859775640426e-02
2.780375148683481790e+00
6.112872289728068509e+00
1.471490499987885503e+00
2.073303579694628862e+00
4.013413838360887498e-01
4.658639165273646965e-01
2.246529258481089197e+00
2.147715252579933232e+00
1.816233951539181657e+00
1.661206763666619235e+00
2.986049020627993933e+00
3.039369359932431180e+00
1.353864048597408942e+00
9.747524869827035587e-01
9.917242405125059612e-01
3.608015688132866217e+00
4.933332638348535415e-01
5.270788045046357340e-01
5.270788045046357340e-01
1.555401452924974226e+00
8.788590807921405901e-01
5.412417248011452964e-01
1.443941416937237321e+00
2.177450410770150668e+00
1.320103052198620119e+00
8.002432120419460393e-01
2.798828284224919472e+00
8.467398293623905614e-01
2.323660826648594468e-01
6.744023143950559351e-01
1.428123424034950517e+00
1.513907180960199828e+00
7.128666154487808271e-01
1.477177847683994294e+00
3.072053076535606220e+00
2.803089800044905600e-01
1.993023661477621333e+00
2.905412867505495766e-01
8.221660569955999143e-02
8.621613160250127805e-01
1.489302742059501528e+00
6.531216422513070885e-01
3.353618240870448908e+00
9.701271372627440215e-02
7.711521731995710782e-01
2.278984569405198890e+00
1.953804275660789846e+00
3.972562699163653122e-01
5.062120052408556337e-01
1.894502309359864745e+00
1.783026550946110511e+00
1.563749063328089051e+00
9.202158057271700997e-01
7.435834800163043656e-01
5.364821124964111121e+00
1.486066615239831856e+00
1.769799459075912296e+00
1.418786591666095109e+00
1.485789106173754925e+00
1.212555341273446885e-01
6.251963281649886017e-01
2.295361051882461867e-01
2.086376358086487137e+00
1.420005092208786568e+00
7.435586400232723214e-01
4.376001138142330271e-01
1.439347860852000505e+00
5.618173815274137839e-01
3.154847661745410647e+00
1.096888042861467794e+00
1.894482536317385390e+00
7.149714176159832624e-01
2.000738046121563585e+00
1.399223776152108467e+00
1.647322629664590199e+00
1.213820453372266295e+00
1.270222973376585962e+00
1.477177847683994294e+00
9.174698011147973675e-01
1.424881510501389670e+00
1.236467387379234228e-01
2.659035947829345936e+00
1.041076337705297172e+00
2.591645115277190214e+00
8.592509538082300224e-01
1.417486650894794753e+00
2.572738138587090440e+00
1.024275421427075283e+00
2.495101930510889576e-01
1.414673086860561035e+00
5.374168806092720629e-01
1.442581944422200113e+00
1.251654984903529222e+00
1.195356714149049537e-01
6.070616676894133867e-01
6.931076559837180406e-01
2.477315031332929518e-01
9.710598293880533527e-01
1.746532428218983135e+00
1.651487792533000265e+00
1.589638336823774978e+00
8.169198661464269762e-01
1.363866922351374633e+00
1.767297724503750889e+00
6.874566802545478694e-02
7.136616535359572300e-01
1.552743899155851315e+00
9.550013927974615457e-01
1.627501992355757654e+00
5.465502494928848876e-01
1.164642254156641688e+00
1.134239991736882835e+00
2.388004592645630364e+00
7.588384059009823934e-01
1.731195944033257383e+00
1.820213521950141411e-01
1.311880802760399867e+00
2.539624585111770472e-01
1.849371183613903291e+00
6.570936345851705607e-01
2.049757247496507340e+00
8.183990336814431776e-01
1.251654984903529222e+00
2.115100464804785307e+00
2.381947167939166388e+00
5.919927742732991049e-01
1.004557497387077003e+00
1.839366493993040141e-01
1.074583036651822088e+00
2.771720782951152540e-01
1.149414782996600826e+00
1.524434045433423979e+00
1.339668323416606244e+00
8.679773503297878445e-01
1.444858721794715084e+00
2.519407849294014401e+00
1.603623495638954122e+00
3.640498157707519500e+00
1.433172497821836533e+00
3.515822812226470084e-01
5.433855449566873386e-01
3.965203693957002784e+00
8.076901992957914445e-01
6.251963281649886017e-01
2.717273145843130511e+00
1.082414776506964937e+00
1.853592327013213747e-01
3.268591532901005792e+00
1.009340564956566322e+00
5.244392021843555796e-01
7.678548541432643759e-01
4.428380729475993594e-01
5.016813882349773213e-01
5.919927742732991049e-01
2.453532596425784362e+00
9.276376608757823661e-01
7.120552037800249590e-01
1.285285037069209935e+00
8.221660569955999143e-02
4.933332638348535415e-01
1.487785803843292953e+00
5.134162572484957110e-01
2.073303579694628862e+00
6.562005774946976233e-01
1.129969542744241551e+00
2.322969978680787140e+00
1.417486650894794753e+00
8.421074980841154467e-01
2.316183448760309904e+00
8.078553339661218580e-01
6.816794194300802578e-01
3.000460027338060609e+00
1.167947100885821765e+00
3.723805666528981373e+00
1.670004163650044837e-01
1.796907205409942199e+00
3.421118126809219451e-01
2.335733603245938816e+00
1.429227062173276774e+00
1.704613823173429799e+00
8.471428273507486395e-01
1.240500932099372733e+00
9.230582457365935634e-01
9.567368252783131632e-01
1.006468304241709966e+00
9.392565444005085418e-02
1.190027060963904981e+00
1.252798068618065086e+00
2.211043753316531024e+00
4.401270746072034612e-01
2.478401233264903247e+00
1.057069034310480049e+00
1.491688672818530126e+00
3.811461625654992691e-01
5.366995580435193203e-01
1.629536332182533132e+00
2.073303579694628862e+00
2.817063954250563551e+00
4.498708216804545579e-01
1.627232915015691228e+00
1.387418913536611509e+00
1.017983895264454208e+00
2.113302025200715306e+00
4.611201038350561277e+00
2.926479821468381814e-01
1.946555799237904116e+00
3.417790479848072049e+00
2.342803651348263294e+00
4.689424513224514923e-01
1.765482153772363727e+00
1.563868582777482974e+00
2.835671708589004858e-01
2.811962230499022830e+00
2.471169129276073129e+00
2.400486760712489787e+00
2.953975608504610939e+00
1.220620452697360303e+00
1.464843066359846624e-01
2.567924515813533315e+00
1.152311028419987782e+00
5.508652296047028551e-01
1.788506963896993041e+00
1.892206709120797914e+00
3.597387089428509821e-01
2.602902370245657515e+00
1.676304837096376232e-01
1.450724860967651297e+00
1.021225105642540321e-01
8.471095713241052483e-01
1.989433166217464688e-01
2.334133152218529350e-01
3.172823271454126015e-01
3.762482048273944280e+00
2.738410057905976913e+00
7.605075689956370955e-01
1.028452899655720065e+00
3.290825145536094842e-01
3.591834587743765184e-01
6.565290228286468910e-02
1.491879069844619154e+00
3.419242230119296622e+00
1.817493613717330536e+00
2.213302377427543544e+00
4.428380729475993594e-01
3.980248835422819931e-02
7.449053946078570965e-01
1.290470106337467726e+00
6.471234295459296071e-01
2.155124152571690210e+00
6.506127816436269029e-02
4.611770066870004570e-01
6.372073090652826677e-01
3.297415587415991389e+00
2.730511784465393443e+00
2.032195411031372689e+00
1.247101286937302156e-01
7.669572989619221071e-01
5.306960103010625041e-01
9.007754761473741878e-01
5.778117686903254224e+00
1.365410542060494725e+00
1.647860660731243376e+00
7.238784694412394582e-01
6.139396494235815904e-01
1.101853461446065996e+00
7.625476701518385525e-01
1.243825774133066941e+00
1.348138661987280162e+00
2.485609380058102502e-01
3.772282688819968755e+00
2.345457267507015331e+00
6.779061263389070113e-01
4.081562880073903443e-01
6.273773298354987649e-01
1.403559809144082848e+00
2.642879035060723858e+00
9.044739540408608391e-02
4.401270746072034612e-01
1.701803407916230970e+00
4.320978193750631968e-01
8.258071860113584961e-01
3.718513337585351408e+00
6.442432015578312132e-01
4.438027957280430869e+00
4.730706559244343690e-01
2.472764175256152441e-01
2.365096968689783530e-01
7.186560367715656428e-01
3.575393278265734942e-01
4.169981634678210369e-02
9.202158057271700997e-01
1.475540113519740737e-01
3.883986093431746056e-02
1.917822110942493330e+00
1.276420196273866381e+00
7.131103080292784391e-01
8.564583695253802365e-01
1.251654984903529222e+00
6.286882874344230654e-01
9.278222785536462958e-01
2.544651918858858330e+00
6.570936345851705607e-01
1.439086979164035718e+00
2.400486760712489787e+00
1.952284695927133606e+00
1.337074655184587790e+00
1.519520720760338950e+00
1.559202712915580102e+00
1.676304837096376232e-01
7.782126532952151621e-01
1.499168561551860179e-01
4.466600102445731579e+00
1.668303111578878672e+00
1.191250715903294566e+00
7.329526345468134751e-01
1.667252483785015116e+00
1.225758096917219042e+00
1.647860660731243376e+00
1.099288878083599430e+00
2.784228052648004770e+00
5.447360339810414231e-02
1.504420909223526559e+00
9.102229954899017095e-01
3.199422440980881355e-02
1.662669090427343566e+00
3.315609253954382218e+00
3.081612797575499663e+00
2.013631257159412158e+00
2.288078533816424009e+00
5.289003882684459867e-01
2.635853828051493597e+00
1.125303000214928906e+00
1.406004927624647793e+00
5.032259483410201906e-01
8.378635201386124276e-01
2.019338230197078143e+00
2.125795628971964391e+00
1.325025446212531599e-01
9.664362138658422197e-02
5.912913438637652508e-01
1.776597662912783093e+00
7.285256547239427061e-01
7.620217912961748663e-01
5.714825424848727353e-01
1.841200581659280022e+00
1.508034492339544341e+00
1.138285145507486940e+00
2.477120041877027834e+00
2.007592010467099009e+00
1.915960243211030090e+00
1.719825500456995115e-02
1.382311156206856018e-01
1.035105871021815727e+00
2.047346456609061560e-01
6.667233732143114100e-01
1.409968076206566057e+00
1.806836460812766276e+00
1.081525312809184625e+00
4.413982979859250033e-01
1.109520791092836411e+00
1.989433166217464688e-01
7.006197791783916884e-01
1.339668323416606244e+00
5.285285986590979590e-01
6.735212550853302282e-01
2.996042560581398728e+00
2.719564936743566808e+00
9.192245133641117061e-01
7.625476701518385525e-01
2.004690111007517039e+00
1.265407208099478042e+00
6.286882874344230654e-01
2.365795257286542164e+00
3.893841409719271951e-01
9.570683065387721733e-01
1.622383267552559127e+00
2.068061891103614158e+00
9.203256390631118222e-01
1.189072155833331035e+00
1.653328504717425318e+00
1.256855392078746192e-01
1.189072155833331035e+00
1.590991675897558189e+00
4.194980803775312239e-01
8.277991658229814087e-01
8.963160071048077437e-01
4.815087902236693806e-01
4.615420606953675176e-01
3.850971345762729259e-01
3.017271027445332265e+00
1.756448231494553536e+00
2.048738325831592100e+00
1.314525537601233918e+00
1.745065510577201717e+00
8.126767241178523005e-01
3.884270270655200141e-01
3.974632544654833066e-01
2.291016126538559572e+00
2.313216442353662750e+00
2.729755094170628560e+00
3.608807049194431849e-01
9.567057152188556124e-01
9.633338485401214957e-01
6.471234295459296071e-01
8.497930153550323773e-01
4.376001138142330271e-01
4.418462686411493423e-01
9.849613704644815115e-01
3.945590350080606656e-01
2.840850962474392727e+00
1.231021420214213791e+00
2.125795628971964391e+00
1.045612723609136152e+00
1.573247213433342617e+00
8.452451539267100689e-01
8.076901992957914445e-01
3.977408457234257178e-01
1.280859823030152223e+00
1.453282908615123548e+00
8.766283044588324413e-01
4.624031569496187544e-01
1.916852172770551643e+00
1.527248572182684505e-01
1.374577680466348539e+00
3.403193977864920061e+00
1.735374112797423596e+00
1.819968784734945277e+00
4.467927259918731409e-01
4.246423827815525520e+00
1.037331465094836869e+00
4.928117971778258055e-01
1.442581944422200113e+00
8.715330427094047927e-02
1.076996330224957221e+00
1.285608170751312063e+00
2.074950775575884476e-01
6.162860671544124758e-01
6.830644303751864932e-01
1.175352072632033229e+00
1.651499400994612010e+00
1.178427586349041656e+00
4.228026378071088054e-01
2.444285454493805521e+00
1.221470111374094669e+00
3.114837386527115060e-01
1.005605537789104442e+00
2.355198235645075688e-01
8.887591107507892829e-01
5.786899722075841135e-01
1.541174685966137936e-01
5.825849669728166980e-01
1.371853645356710283e+00
7.997296581328179332e-01
3.945590350080606656e-01
1.904729282587474426e+00
2.705526868625089953e-01
1.356477973818170035e+00
2.243398197240737524e+00
1.758496925223166141e+00
2.730511784465393443e+00
1.628514888097770230e+00
3.214089819041278329e+00
1.123231034651688276e-01
3.068043907056809960e-01
2.295361051882461867e-01
1.447374809528464645e+00
3.276032484412008117e+00
7.109226185711736701e-01
1.977630855980176738e+00
1.025052860684392275e-01
1.361780584336174771e+00
1.236467387379234228e-01
1.253880214712712604e+00
9.392565444005085418e-02
5.624155985325153262e-01
1.325025446212531599e-01
1.884182193969827779e-01
2.270740267508934096e+00
7.149714176159832624e-01
7.814626576664429614e-02
1.495433545965059174e-01
1.805607141469935506e+00
6.757318210993155105e-01
2.219354801003491084e-02
1.662518977184887614e+00
6.627912429863171972e-01
1.164695975947444673e+00
2.735087249709944768e+00
1.037331465094836869e+00
1.194315265462067233e+00
1.670004163650044837e-01
2.065642287371365793e+00
1.580159229447297919e+00
1.799287286741192426e-01
2.222001450153131774e+00
1.842938321277012736e+00
2.455775754717404169e-02
8.368590854821951197e-01
1.888728093968262245e+00
3.815130167433177455e+00
1.571642071360677684e-01
5.428529336740041122e-01
1.027842125695340059e+00
8.782909983719404678e-01
1.417486650894794753e+00
1.033143468773343177e+00
1.705638516329272880e+00
1.213076846807821241e+00
6.286882874344230654e-01
4.685167116987805636e-01
1.154490045589471325e+00
5.022848869790113469e+00
1.360044236465735024e+00
6.932737384553666615e-02
8.212209854887020377e-03
2.169233163773595763e+00
2.045879883866956739e+00
8.598703977785480124e-01
5.346535696770111201e+00
1.805813708376169391e+00
1.246350730406727836e-01
4.994463724574393915e-01
1.244442464547365734e+00
1.786047935183780133e+00
2.515155031778744554e+00
2.421629912038133492e-01
6.724038428063110473e-01
2.147600555158399427e+00
7.079647190280431435e-01
3.456921183656231022e+00
9.216481799164480404e-02
3.576561069036820584e+00
3.771267424597494200e-01
2.627223893844079505e+00
4.751517104492108956e-02
1.640478830734767857e-01
1.680094168651615316e+00
1.535120161882336243e+00
4.615420606953675176e-01
3.883986093431746056e-02
1.922031633925918026e-01
2.295361051882461867e-01
7.617915174880260931e-01
9.308182006503317174e-01
2.612826130192206442e+00
6.748254862078861827e-01
1.348138661987280162e+00
6.720796805270916607e-01
1.682569793262895352e+00
1.701099418642677552e-01
1.374577680466348539e+00
3.697695166504013642e-01
2.592046079457610119e+00
7.296455803288952602e-01
3.159396436156692189e+00
7.097218184515500239e-01
1.294984065061999257e-02
8.679773503297878445e-01
2.415994566826912937e+00
5.099414187333408677e-01
1.843520633007164289e+00
1.289099498882160688e+00
6.129963733065604270e-01
1.102884616045191613e-01
1.012385291361234785e+00
9.775782276893949518e-01
5.386215477987166267e-02
1.270222973376585962e+00
3.870686587948993562e+00
3.306156117995194155e+00
9.651812631198742887e-01
1.213088891930693691e+00
4.413982979859250033e-01
2.156732851799032957e+00
6.562005774946976233e-01
3.763082962270778431e+00
7.518586560466526958e-01
5.131770627013083619e-01
6.762858371153364079e-01
8.965618987176976473e-02
3.513216355058390583e+00
1.082339828361110978e+00
1.431929559036890787e-01
4.658639165273646965e-01
8.183990336814431776e-01
1.626745681447911984e-01
1.913311160888489626e+00
1.563618617145301481e-02
7.778130845023722983e-02
1.188010775985826051e+00
2.542633682132987349e+00
1.513000628909846990e+00
1.621924101922759043e+00
1.405971744830882608e+00
2.380559730961627096e+00
8.068581039818756295e-01
1.125303000214928906e+00
3.786527389151312484e+00
1.464843066359846624e-01
2.574523465399185973e+00
1.202049548521592737e+00
2.814730603271909271e+00
6.102944642211222126e-01
1.212054367009888001e+00
9.727722833776528688e-01
4.804448344771623525e-01
1.282778583245651971e+00
7.597150929256244467e-01
3.212373961893050467e+00
1.363866922351374633e+00
1.845248420203790207e+00
1.508971221341367297e+00
4.695763873676189526e+00
1.721158590678399936e+00
2.840850962474392727e+00
2.174528719338424843e+00
1.640478830734767857e-01
1.263537490788743334e+00
2.329282935060317250e-01
2.390998817837094670e+00
4.129143343666036081e+00
6.609198018989537182e-01
1.603332327344085595e+00
4.960751491240323330e-01
8.679773503297878445e-01
2.400822828386660834e+00
1.615779763093718291e+00
7.838939856465675371e-01
5.924440166112561190e-01
2.858245716685217097e-01
1.310844297892879151e-01
9.308182006503317174e-01
9.914529353058187944e-01
3.945590350080606656e-01
8.169198661464269762e-01
6.217461984614529591e-01
1.271442326435134884e-01
6.926488450818788500e-01
6.724038428063110473e-01
9.064473875871692510e-01
2.659035947829345936e+00
1.230040640239713268e+00
7.331389752421646477e-03
1.659818594046678086e+00
9.460571228323094717e-01
1.464827305461046114e+00
6.932737384553666615e-02
2.261464626011584045e+00
4.234255373789417298e-01
3.626926483668509782e+00
6.928709761298834646e-02
7.126258200690425149e-01
2.585703016448721581e+00
9.620482297354422396e-01
3.271104884279041336e+00
1.728224919178046104e+00
2.834245415988970507e+00
4.179461743236344562e-01
3.418627794084410088e-01
1.156367324165987753e-01
3.273309607134899935e-03
6.722902510784846131e-01
6.565290228286468910e-02
2.245500395060139098e+00
1.163008051660580078e+00
5.178380235204520510e-01
1.233398628451351620e+00
5.103834460527152395e-01
2.579713386501925942e+00
5.607027389637364578e-02
2.955524160315607052e+00
5.473021699768021442e-01
1.595042920281624088e+00
9.392565444005085418e-02
2.148304003032925902e+00
2.225500116888564639e-01
2.331567443548837826e+00
2.705526868625089953e-01
4.831577497252398379e-02
1.034164306934862054e+00
1.588703117799399878e-01
1.052056839204692062e+00
7.911925671136676996e-02
9.033333372256218130e-01
1.370199699832035378e-01
2.055896917945840841e+00
2.264069421124657921e+00
6.518003942694861053e-04
1.719825500456995115e-02
4.952139493793664693e-01
4.413982979859250033e-01
1.280859823030152223e+00
4.401270746072034612e-01
8.240317053287302684e-01
9.051024428010102651e-01
2.006070604412374614e+00
3.570331401310105068e+00
3.284269454188194715e+00
1.037550061605202689e+00
2.875847702354246138e-01
1.799287286741192426e-01
1.381125822842032447e+00
2.335733603245938816e+00
1.773633159453729791e+00
3.980248835422819931e-02
3.570331401310105068e+00
1.680497422662356355e+00
2.271988747717050394e+00
9.620482297354422396e-01
1.495433545965059174e-01
1.673794196627039210e-01
7.383054914724344053e-01
8.337364318466589097e-02
2.604140652230652719e+00
2.519407849294014401e+00
1.940261326711148593e+00
2.473031731982958448e+00
1.284111994023736436e+00
9.626416196161287075e-01
1.847063834685289230e+00
1.837547372986321204e+00
1.252656257592657640e+00
5.064250881007934524e-01
1.499320518872118813e+00
3.790722482068202392e+00
2.171787280262561737e+00
1.440423552404360263e+00
7.006197791783916884e-01
2.100217672555671378e+00
1.739006249639301727e+00
4.898769244379940213e-01
5.099414187333408677e-01
6.129963733065604270e-01
1.319538560149743134e+00
3.128017055635401444e-02
1.213088891930693691e+00
9.643466329304897222e-01
8.680065159117030804e-01
2.455775754717404169e-02
5.206059613390761065e-01
5.924440166112561190e-01
2.358206603127827039e-01
1.420005092208786568e+00
1.651487792533000265e+00
8.990063592846277984e-01
7.097218184515500239e-01
1.384198039187582108e+00
1.194633229535021712e+00
9.859881387770074168e-01
7.230195317881462636e-01
1.096952055708227958e+00
1.619904780485729834e+00
1.164232148716258797e+00
3.749269125689979054e-01
1.751128653909642008e+00
5.577580940599422554e-01
1.099288878083599430e+00
4.040739057013187363e-03
1.555401452924974226e+00
9.033333372256218130e-01
3.801112932967976032e-01
2.355656292550483144e-01
3.536670804533321721e-01
1.052056839204692062e+00
1.108967504131332271e+00
1.225758096917219042e+00
1.340331199192847489e+00
1.047156213641433853e+00
8.709086547375757270e-01
2.642879035060723858e+00
9.202158057271700997e-01
1.297336236323082259e-01
1.813560057716815610e+00
2.612244230409848544e+00
2.098747276805029038e+00
9.171052375723480754e-01
4.831577497252398379e-02
1.109777890253975663e-01
1.799287286741192426e-01
1.872364253705590009e+00
1.401817222533615404e+00
2.457093962700431788e+00
9.192245133641117061e-01
7.764325671024558950e-01
1.580216024948577269e+00
1.982673936200387566e+00
2.217733060668917400e+00
6.884674787320307354e-01
1.067367648220008514e+00
4.773552868963883533e+00
4.650912847615059076e-01
3.253478421973613477e-01
1.126001241334018133e-01
1.212054367009888001e+00
1.043647496990487200e+00
5.270788045046357340e-01
8.465040163870732881e-01
1.514723251287997119e-02
3.536670804533321721e-01
1.999050825960077549e-01
3.101118607412254757e+00
5.465975593278235678e+00
3.033031630209130469e+00
7.725036630776904722e-01
3.536670804533321721e-01
7.904101967735699397e-02
2.129928751313687751e-01
4.763840895674992248e-01
9.375280739361728788e-01
4.968680319384959354e-01
8.240317053287302684e-01
8.187479504237615835e-01
1.417486650894794753e+00
1.282778583245651971e+00
1.804160449540192612e+00
1.708560616492693640e-02
2.987721308978308343e-01
1.592563747383342054e-01
9.917613681666617165e-01
1.276138970033030340e+00
2.313754885035954612e-01
2.099378104229183251e+00
1.681507128066705770e+00
1.964260405235495055e+00
4.262637690499592735e-01
3.650548082718136911e-01
1.464827305461046114e+00
2.216451853194066679e+00
7.387438536139212530e-02
7.131103080292784391e-01
1.154675688920622778e-01
1.670004163650044837e-01
9.917613681666617165e-01
1.212973870241156105e+00
6.722902510784846131e-01
4.671799041822299881e-01
1.282778583245651971e+00
1.348138661987280162e+00
1.910923590880537537e+00
4.080262686999533983e-01
1.411111006769547149e+00
2.659635373534554148e+00
2.094742728464645598e+00
6.251963281649886017e-01
1.411111006769547149e+00
7.766444520013975339e-01
7.582148336920083720e-01
1.442581944422200113e+00
1.340331199192847489e+00
2.470910178595293161e+00
8.991720879107150122e-01
2.287741545511733587e+00
1.152215623302735192e+00
4.852022510160984847e-01
1.799287286741192426e-01
1.256322156407762236e+00
2.153951306142341870e+00
1.647322629664590199e+00
2.039141926991432374e+00
1.475540113519740737e-01
1.041076337705297172e+00
1.281098718170381234e+00
4.870439462609366110e-01
1.079866329820068582e+00
6.574020262823744298e-01
1.541897724372506717e+00
2.258031288133669767e-01
4.234085124904924946e-01
2.422587918100112869e+00
2.438877144890680970e+00
3.879948482400529253e-01
8.008732730994903015e-01
1.592068064221011436e+00
2.013631257159412158e+00
3.226123929125384038e-01
5.514422206862507059e-01
8.523848771641702182e-01
3.602806421144423288e-01
8.715330427094047927e-02
5.100888317460354759e-01
2.002484576934223881e+00
3.570280133080243612e-01
2.457093962700431788e+00
2.807072149146521145e-01
7.545939339012356362e-01
7.435586400232723214e-01
7.046143401759451530e-01
3.418627794084410088e-01
1.403396645130933429e+00
1.354905092459138594e+00
2.619132000264791760e+00
1.731195944033257383e+00
7.383054914724344053e-01
4.795024064659378027e+00
1.619904780485729834e+00
3.868421637003822133e-01
7.488317285436262294e-01
4.952139493793664693e-01
4.660430979230212323e+00
2.333659562102758933e+00
4.650912847615059076e-01
2.295361051882461867e-01
4.446930831356310510e-01
2.539203962512075030e+00
1.225702255859836498e+00
5.356313365455667164e-01
9.723940825438066593e-01
1.009402106783976905e+00
1.443438783164899597e+00
9.664362138658422197e-02
7.669572989619221071e-01
6.888412582250751370e-01
9.460571228323094717e-01
1.594099559181913595e+00
7.131103080292784391e-01
1.371853645356710283e+00
1.667252483785015116e+00
9.550013927974615457e-01
1.212054367009888001e+00
1.554109547430823302e+00
3.170130844279548388e+00
1.152215623302735192e+00
1.108967504131332271e+00
8.374520477402628282e-01
2.123555022342562104e+00
1.777350121845662212e+00
3.461092047920995007e-01
1.412816405954653298e-02
2.347697875771824760e-01
6.570936345851705607e-01
1.852789464418158838e+00
1.381754227918476463e+00
1.442676263504240941e+00
1.380317550818123795e+00
1.627580381301861667e+00
1.972529803409044602e+00
1.061669802693506304e+00
4.162348366710504899e-01
1.635479625451281116e+00
2.595755302668598219e+00
9.567057152188556124e-01
1.454308236292659373e+00
9.392565444005085418e-02
6.286882874344230654e-01
1.622383267552559127e+00
2.429167916200230870e+00
3.570331401310105068e+00
7.254451986802776808e-01
6.562005774946976233e-01
1.853246451605832013e+00
1.212054367009888001e+00
5.508652296047028551e-01
6.006791985019905855e-01
6.139396494235815904e-01
2.007592010467099009e+00
6.779061263389070113e-01
1.252656257592657640e+00
6.570936345851705607e-01
1.565094355505593393e+00
1.528691642105669546e-01
2.858245716685217097e-01
1.089289261893751970e+00
6.297784391608176602e-01
2.776851074640136030e+00
7.149714176159832624e-01
5.979682646427857406e-01
5.287744596740395764e-02
7.287123299452754610e-01
1.162542810081232059e+00
1.647860660731243376e+00
8.115689506281587029e-02
2.409188338766633741e+00
7.371356946829221712e-02
9.051726939243452952e-01
1.237152124541355480e+00
7.913891081192079291e-01
1.176408685633582696e+00
2.820979854958828525e+00
1.294984065061999257e-02
1.178427586349041656e+00
9.019351142496527807e-01
8.183990336814431776e-01
1.972529803409044602e+00
1.595405326685491287e+00
3.882396172826497183e-01
1.024275421427075283e+00
1.661206763666619235e+00
1.799287286741192426e-01
3.295668474239720425e+00
1.047774037416366433e+00
1.762769490586497678e+00
1.765967931942940883e+00
1.057069034310480049e+00
2.485609380058102502e-01
1.326756240748116489e-01
1.647610547684874582e-02
7.489798632758851715e-01
2.478401233264903247e+00
1.005605537789104442e+00
6.211166966303517389e-01
2.999028567018342528e-01
2.858245716685217097e-01
7.814626576664429614e-02
1.813623331475316514e+00
3.226123929125384038e-01
6.479288168281834848e-01
2.409188338766633741e+00
3.498717452966721986e-01
2.333659562102758933e+00
3.680355947284355445e+00
7.108024676421986765e-01
1.595042920281624088e+00
1.194315265462067233e+00
4.938303265939472109e-01
1.698042397010498528e+00
1.078984215285244241e+00
8.421074980841154467e-01
1.796901375220433472e+00
4.773552868963883533e+00
1.253430404540632592e+00
7.875581369327485648e-01
7.620217912961748663e-01
2.480221474089979949e+00
1.836635985744394794e+00
4.689424513224514923e-01
2.858245716685217097e-01
9.664362138658422197e-02
3.211312851245843980e+00
1.123910521696142695e+00
2.249822961553243073e-01
1.756351594926437221e+00
1.706446435506301817e+00
6.681975452141762917e-01
3.226123929125384038e-01
2.138099271778069799e+00
2.762859782083029181e+00
6.251963281649886017e-01
9.710598293880533527e-01
9.308182006503317174e-01
1.432703054098816153e-02
9.224298046535450712e-02
2.686234866379852981e-01
2.189345712615482498e-01
1.132615916182943661e+00
1.863957915195296522e+00
3.326441300804975576e+00
1.666311547783035252e+00
5.064250881007934524e-01
1.823988091851961535e+00
1.869014086246314710e+00
3.553641781271990596e-01
3.591834587743765184e-01
3.365023579365402639e-01
2.363622545535404296e-02
1.999050825960077549e-01
4.580047449092221057e-01
3.511617966989535322e+00
3.960023925004546586e-01
5.099414187333408677e-01
2.574523465399185973e+00
1.266996521919844021e+00
9.025774869225545727e-01
1.946555799237904116e+00
5.062120052408556337e-01
1.788506963896993041e+00
7.449053946078570965e-01
8.026205055765530672e-01
1.096195608365589713e+00
2.690483008450858637e+00
4.539586251838567676e-02
2.169141920131595125e+00
2.168755527400390015e-02
2.370219276766672767e+00
1.080679556040605949e+00
1.090854462696957405e-01
1.587557180726314243e+00
1.968332915076491663e-01
2.027541169062402115e+00
1.251630385444525650e+00
1.653035775160702103e+00
2.000738046121563585e+00
5.156013588640500078e-01
2.096081571103360019e+00
2.436816066068832609e-01
5.597498815474364342e-01
4.529447899725707050e-01
1.231542172293077497e-01
8.443331464188519320e-03
2.955524160315607052e+00
3.233351672325088799e-01
2.777341728927067432e+00
3.159142914976253991e-01
1.603207139084286581e+00
9.641706833816797717e-01
1.715886921931604636e+00
3.918040711052794833e-02
1.871036328835869733e-01
4.496613150240132972e-01
3.566116741637920251e-01
4.482242776174851229e-01
2.153327385300793928e-01
4.611201038350561277e+00
5.022848869790113469e+00
8.345006438824802419e-01
1.252547662810064466e+00
6.546612422673103726e-01
4.685167116987805636e-01
1.989433166217464688e-01
1.249287318856452611e+00
9.123393025208061946e-01
3.050291492641551194e+00
1.219339334442099076e+00
2.274696811780834604e+00
2.056614591049354956e-02
3.880950493768129395e+00
3.146207847522854539e+00
1.814411133041274438e+00
3.193606304310208088e+00
6.830644303751864932e-01
1.083671554241478763e-01
2.008432331685803263e-01
2.652461684218203164e+00
9.123630923842451779e-01
2.771246523714498089e+00
4.933332638348535415e-01
1.708560616492693640e-02
6.930802631348307319e-01
2.525102233543604413e+00
5.844609193193766039e-01
1.668610146898291235e+00
6.531216422513070885e-01
3.608807049194431849e-01
3.290825145536094842e-01
3.159142914976253991e-01
9.033333372256218130e-01
1.436532741759125376e+00
2.670553935276990032e+00
3.361462007029519250e-01
7.391002864664931726e-01
5.888561103464167168e-01
2.113887224601125325e-01
3.060942237852151582e+00
8.638797328673134546e-01
2.355656292550483144e-01
2.008759795582461649e+00
1.782813172545132607e+00
8.906763537581112722e-01
4.439431028338700624e-01
4.040739057013187363e-03
2.535547557092450166e-01
1.647610547684874582e-02
1.281802250629523021e+00
8.564583695253802365e-01
1.374577680466348539e+00
6.803443332096945628e-01
7.334183412866717156e-01
5.403531552788864989e-01
2.642879035060723858e+00
2.562026160554498500e+00
8.074212373954794408e-01
5.624155985325153262e-01
6.562005774946976233e-01
1.108967504131332271e+00
8.715330427094047927e-02
2.074950775575884476e-01
1.216751926739610301e+00
6.138619981412709592e+00
1.809300792892989174e+00
6.286882874344230654e-01
1.029646133949834619e+00
2.347697875771824760e-01
2.551652310859422457e-01
1.463786101435845755e+00
3.536670804533321721e-01
1.786047935183780133e+00
2.797722544301731062e+00
1.314525537601233918e+00
2.199654280568797970e-01
1.037550061605202689e+00
2.247197664914493132e-01
1.035105871021815727e+00
2.355198235645075688e-01
1.110768682485633541e+00
1.592563747383342054e-01
2.080339520562810574e+00
1.619036383094076603e+00
5.941453279928503584e-01
7.120692970341653272e-01
2.358206603127827039e-01
2.037500464967255009e+00
1.080679556040605949e+00
7.670537713104663702e-01
3.511617966989535322e+00
4.793189973919595559e+00
3.564702197001954342e-01
2.045471098188113679e+00
5.374168806092720629e-01
1.588703117799399878e-01
2.925343839172295901e+00
2.373222321335132889e+00
1.773168476041791619e+00
1.827094369056384116e+00
4.456267644167917652e+00
1.226144147494883541e+00
2.525363144846834995e+00
4.025815346106776715e+00
4.650912847615059076e-01
6.333202797428285624e-01
5.062115747456263914e-01
1.025052860684392275e-01
9.490742332724065866e-01
1.777350121845662212e+00
1.089106151068324424e+00
4.289417345581769681e-02
1.473682189701578382e+00
1.291364565455614510e+00
2.541740893510564536e-01
2.214669856664210457e+00
1.004090053352991507e+00
1.800531374699921638e+00
6.928709761298834646e-02
9.917858139827878672e-02
2.258031288133669767e-01
2.295361051882461867e-01
1.882012102611696935e+00
1.216557437953446508e+00
2.100186619314264647e+00
2.875339365943435865e+00
2.217733060668917400e+00
1.270222973376585962e+00
2.499596663331724145e+00
1.011558625089880703e+00
2.736583414636154732e+00
5.509501133778882398e-01
2.811327393038516309e+00
5.798064762594301591e-01
7.784809107973067466e-01
1.907293485875869443e-01
1.410738736266606397e+00
8.884087100486051103e-01
1.356477973818170035e+00
6.977436239212890801e-01
7.334183412866717156e-01
4.359210926516385864e-01
4.661421604691327047e+00
6.207818665235198541e-01
2.055896917945840841e+00
8.255877257063608532e-01
2.312333934912764732e-01
2.529913832149500053e+00
1.190027060963904981e+00
1.212099593742782977e+00
1.152215623302735192e+00
5.630334535299761356e-01
8.374520477402628282e-01
1.339644226016490913e+00
1.508034492339544341e+00
1.265407208099478042e+00
2.334133152218529350e-01
3.815130167433177455e+00
5.022848869790113469e+00
6.851081844847746183e-01
6.724038428063110473e-01
7.262918096772459364e-01
4.928117971778258055e-01
1.212555341273446885e-01
1.022103625777247782e+00
5.042661066017066762e-01
1.080679556040605949e+00
1.164642254156641688e+00
7.108024676421986765e-01
2.999028567018342528e-01
2.005923740072701467e+00
1.045612723609136152e+00
2.265249498687724738e-01
1.240500932099372733e+00
1.347110797550686634e+00
8.991720879107150122e-01
6.040813085262903837e-01
2.669198761652704199e+00
3.153972223446785517e+00
6.793061296846047981e-02
4.968680319384959354e-01
1.123231034651688276e-01
3.383510444125547023e-01
4.083912925986479259e-01
2.354289472257765858e+00
8.276388443841702358e-01
1.608181692873638990e+00
1.228125492616294778e+00
1.595042920281624088e+00
1.233768615280559811e+00
1.523365117237024169e+00
1.989433166217464688e-01
1.153133281720888137e+00
1.364975162029179234e+00
2.335733603245938816e+00
2.335733603245938816e+00
4.162348366710504899e-01
1.882012102611696935e+00
1.281802250629523021e+00
1.881711962701793084e+00
7.186560367715656428e-01
2.409188338766633741e+00
1.784609603182031767e+00
6.862404736773930480e-02
2.210109119993792337e+00
2.295836771354369255e-01
1.050049039508010873e+00
1.282778583245651971e+00
1.676304837096376232e-01
1.361932539121428754e+00
1.963291252882705784e+00
1.143362434128161187e-01
1.094394519630062179e+00
1.299922870694144361e+00
1.268941028046103092e+00
2.027541169062402115e+00
4.236473525463562151e-01
1.035105871021815727e+00
7.120692970341653272e-01
1.062241414736289080e-01
9.723940825438066593e-01
1.311880802760399867e+00
1.956219815920563709e+00
2.645317619396315045e+00
1.152215623302735192e+00
2.404953325536235198e+00
1.327108631080770484e+00
9.430885677042232240e-01
4.144968217743706163e+00
2.333078870668332971e+00
1.228125492616294778e+00
8.143940412672294737e-01
6.461480120362836921e-01
2.270740267508934096e+00
2.166653458662586296e+00
5.412417248011452964e-01
1.009818785519836837e+00
6.394409374551048852e-01
6.475742094951809635e-01
4.194980803775312239e-01
3.428381986292806882e+00
1.035105871021815727e+00
3.635647962439427783e-01
1.798199118145437758e+00
5.032259483410201906e-01
3.015157813766274231e+00
1.310076797655224112e-02
2.087953102696701535e+00
1.403559809144082848e+00
7.732467056150874596e-01
7.881258250100195983e-01
9.572742318542495354e-01
7.230195317881462636e-01
2.388653987487751040e-01
1.365305633541785690e+00
8.373140241390142346e-01
9.609106531917217531e-01
2.371817682732692001e-01
2.397223495010190497e+00
4.534523453094301715e+00
2.301982331357706801e+00
2.396255182109804593e+00
7.782126532952151621e-01
2.229042002866972183e+00
1.119741206151084523e+00
2.355656292550483144e-01
1.318465882009769885e+00
1.799287286741192426e-01
1.814411133041274438e+00
3.570331401310105068e+00
1.784609603182031767e+00
2.531384451468305929e-01
5.844609193193766039e-01
2.945459563397183622e+00
2.640295377457650083e+00
1.038335545789022207e+00
1.512753195809155571e-01
5.912955435105374802e-01
1.457020609851130688e+00
7.514269904268464639e-01
9.728054677275815854e-01
4.933332638348535415e-01
2.498741668751188083e+00
6.938005449830464411e-01
8.716994471586604343e-01
1.585417715256397519e+00
1.393911280863205260e+00
2.875847702354246138e-01
3.439218352612376517e-01
1.096952055708227958e+00
4.162348366710504899e-01
1.004557497387077003e+00
2.109456530629342019e+00
5.714825424848727353e-01
2.000203480326690375e+00
5.912913438637652508e-01
2.008977005073098177e+00
9.297612952312005463e-01
2.574523465399185973e+00
1.347972011345172749e+00
8.374520477402628282e-01
5.185636445902845892e+00
1.820858856838494244e+00
5.715542344892391435e-01
1.014336909856596858e+00
7.064101133750768646e-01
1.700894278601134957e+00
1.590991675897558189e+00
9.513317488097569052e-01
2.657522888253866178e+00
1.777003696231442831e-01
1.461565467794674777e+00
8.373140241390142346e-01
5.630334535299761356e-01
1.820213521950141411e-01
1.220534735293729023e+00
1.132822434741789674e+00
5.714825424848727353e-01
1.083671554241478763e-01
9.007754761473741878e-01
2.634283988715166558e+00
6.744023143950559351e-01
1.762084806689839800e+00
2.131719877196402102e+00
2.225500116888564639e-01
1.573422279476804242e+00
2.730511784465393443e+00
1.440335650640366394e+00
1.799858449163877161e+00
6.993717881475041143e-01
6.462462135672395469e-01
2.282413285598190456e+00
1.204477494850546115e+00
6.286882874344230654e-01
1.356477973818170035e+00
4.801520378421975099e-01
3.592702003499438135e+00
4.194980803775312239e-01
3.559118282341683370e-01
1.809905648782283549e+00
2.741931487311048521e+00
2.511167575611314984e-01
2.370219276766672767e+00
9.276376608757823661e-01
1.503357556097426606e+00
1.159412121010729102e+00
1.778193868874407890e+00
1.079468698208508215e+00
1.869014086246314710e+00
4.744798610622564361e+00
1.085590034901311673e+00
1.908055916666042684e-01
6.790387780903364146e-01
2.485670504888071175e-02
1.852511051577112156e+00
8.058674226633367743e-01
8.470882509428963036e-01
2.008432331685803263e-01
1.914307314916206648e+00
9.224298046535450712e-02
2.996042560581398728e+00
7.108024676421986765e-01
5.161630067782759568e+00
2.355656292550483144e-01
2.404583876820913346e+00
3.613666002284050549e-01
2.534842455812082562e+00
1.940261326711148593e+00
4.994463724574393915e-01
6.493279491393094682e-01
1.392509931244173771e+00
3.101613053759425531e-01
2.002484576934223881e+00
4.277203208450779393e-01
2.483346173822326808e+00
1.323698660533667804e+00
2.261412989626224723e-01
7.678548541432643759e-01
1.548010278687794505e+00
1.454309661221803385e+00
4.200255357961944491e-01
1.670004163650044837e-01
1.635401596796928647e+00
2.258031288133669767e-01
9.007754761473741878e-01
4.689424513224514923e-01
8.608788380650578276e-01
1.155257016118595326e+00
3.559118282341683370e-01
9.851237264190234599e-01
8.258071860113584961e-01
1.127144632412931502e+00
3.621258529253709835e+00
1.127144632412931502e+00
2.485609380058102502e-01
7.552104861793764723e-01
1.047156213641433853e+00
4.040739057013187363e-03
2.406340667980895465e-01
1.275680974977801752e+00
2.700503829089663466e+00
9.160294878232100313e-01
1.033020605614401122e+00
2.593333744477077651e+00
1.541998715484262039e+00
1.119249623147141159e+00
1.940261326711148593e+00
1.100393950793026043e-01
8.990072969183772189e-01
1.701099418642677552e-01
1.460194965339318918e+00
3.383510444125547023e-01
3.675777393215029054e+00
1.493683748781111653e+00
2.278984569405198890e+00
2.321006613684477138e+00
6.471234295459296071e-01
8.301604762993151088e-01
7.586741377757491023e-01
5.838842722285372266e-01
6.235186563383166014e-01
2.746684461452045589e+00
1.313662295050026518e+00
2.153951306142341870e+00
1.336906595365262129e+00
2.726336141570229188e-02
3.235741035926481768e+00
4.418462686411493423e-01
8.990072969183772189e-01
1.130138066516130690e+00
1.461325264930025458e+00
1.654162780545128664e+00
6.297784391608176602e-01
1.349148301991855980e-01
9.033333372256218130e-01
8.371783509250121380e-01
8.958171629444433570e-01
1.028478101011625956e+00
4.952139493793664693e-01
2.204186735528504748e+00
1.078984215285244241e+00
6.023372420096193558e-01
5.426945056088110508e-01
5.550379656887094448e-02
7.364225789512488518e-01
1.433172497821836533e+00
1.244442464547365734e+00
4.289417345581769681e-02
4.730706559244343690e-01
1.661206763666619235e+00
2.694231000835907608e+00
2.409188338766633741e+00
2.694231000835907608e+00
2.295361051882461867e-01
4.952139493793664693e-01
1.455873326193161121e+00
3.082342599444386266e+00
2.264014798266661632e+00
2.029452547926469563e+00
2.804564706748646330e+00
3.613666002284050549e-01
1.532954799434037563e+00
1.849723904823689646e-01
3.771267424597494200e-01
4.234255373789417298e-01
2.562223861308363659e+00
1.166164740142527911e+00
1.993903234556141157e+00
2.534422189254221802e-01
7.518586560466526958e-01
4.815087902236693806e-01
5.508652296047028551e-01
2.129928751313687751e-01
4.297549939634535576e+00
1.340342846120937903e+00
1.941212655480202276e+00
9.550013927974615457e-01
4.376001138142330271e-01
5.423159222629727605e-01
8.374520477402628282e-01
1.057069034310480049e+00
8.981193179533386584e-01
4.428380729475993594e-01
4.795024064659378027e+00
1.876963165025826719e-01
1.872364253705590009e+00
1.580934901792907521e-02
3.365023579365402639e-01
1.106462564284218075e+00
1.237382293432800484e+00
6.720998948967955577e-01
1.799287286741192426e-01
2.485670504888071175e-02
4.933332638348535415e-01
5.263745590789168372e-01
2.719564936743566808e+00
2.638268904110199209e-01
1.464843066359846624e-01
1.635479625451281116e+00
3.767302873294937626e+00
8.281251193937586574e-01
1.842938321277012736e+00
5.933084672916102420e-01
8.638076214689662802e-01
2.878524648564548372e+00
7.588384059009823934e-01
7.426922323886171462e-01
4.798507850369466698e-01
1.104269124259451118e+00
2.027541169062402115e+00
5.605973501664746061e-02
1.004557497387077003e+00
7.821239855112542827e-01
1.096888042861467794e+00
1.539024305920640323e+00
1.563749063328089051e+00
4.262201767101153616e-01
3.995515799830189341e-01
3.923640995965155032e+00
1.012453631832648249e-01
1.395719829577351856e+00
9.430885677042232240e-01
1.237484880540196786e+00
1.290470106337467726e+00
2.038723025274856493e+00
2.049693360239812634e+00
6.129963733065604270e-01
1.494105290258328500e-01
4.932809788922087879e-02
2.196569956123528122e+00
2.875944380823827196e+00
7.108024676421986765e-01
2.503098076553563089e+00
4.320978193750631968e-01
1.509555582599891865e+00
2.359296661407544349e+00
1.164232148716258797e+00
6.888412582250751370e-01
2.032795149022111669e+00
3.446754284086821052e+00
1.025052860684392275e-01
1.432703054098816153e-02
3.361462007029519250e-01
1.842899277402541225e+00
2.452531488819229555e+00
8.680065159117030804e-01
2.441349516394067276e+00
1.464948091202608049e-01
2.771246523714498089e+00
1.294984065061999257e-02
1.830583860712879041e+00
1.338933355489034138e+00
4.428380729475993594e-01
6.890430860313446759e-01
7.046143401759451530e-01
9.572742318542495354e-01
6.327223985307576237e-01
1.950351747986229345e+00
2.515073224868876745e-01
6.779061263389070113e-01
1.033143468773343177e+00
3.626992687339257726e-01