1.695026970236634511e+00
3.258985224989648266e+00
3.936994171686270416e+00
3.256875072934942494e+00
2.365976399240635519e+00
3.694271042575922426e+00
2.164286792753694399e+00
4.678560372747632812e+00
1.674608417877409883e+00
2.229890705665435569e+00
5.482678515950777154e+00
3.499150996441941608e+00
2.527169030141269257e+00
1.923560088603614604e+00
2.010731882027279482e+00
4.406754718634380730e+00
2.456914837879734304e+00
1.782456432082215159e+00
1.887372632614877421e+00
5.296291817816028313e+00
2.497228611075052562e+00
6.881373787040145906e-01
3.396226027899121647e+00
4.086868108656291909e+00
4.632740013971716309e+00
9.508877373681293155e-03
3.026075876836682443e+00
1.522402992913471031e+00
2.948315359565326421e+00
3.041477188357815109e+00
2.862313408215474198e+00
3.400347758441089052e+00
3.071634333105721204e+00
2.577341985962077864e+00
3.027507920217926696e+00
1.679020305025744619e+00
3.473984163424105098e+00
4.411670182403598872e+00
2.213996694693148193e+00
2.409752793055206510e+00
2.363257881534606142e+00
3.609861036517446387e+00
1.218188262853246551e+00
2.019006174970306766e+00
1.529473823952421929e+00
3.546174445000669806e+00
3.357282507986766973e+00
3.062671879487091520e+00
4.690196113488496188e+00
1.612609886633430412e+00
6.451999070473741327e+00
2.744632614126977455e+00
1.772327382839864462e+00
4.462962987872194809e+00
4.375574854534843183e+00
3.666343864145221509e+00
3.508010309568467378e+00
3.441577250061885529e+00
3.398128198847564008e+00
3.981367339456804544e+00
2.466509149909078769e+00
1.296267681934303084e+00
3.048581012998387241e+00
3.045439424610401069e+00
3.639620085613896272e+00
4.848655592596105457e+00
2.089646629666439548e+00
5.802528945117916948e+00
1.793363285088581227e+00
3.304675502083510796e+00
4.077750799295526640e+00
1.263013843275716530e+00
3.383928533574679598e+00
3.679451641096765258e+00
5.342168088338574705e+00
3.223436295624383163e+00
3.284199406743433691e+00
1.469423231082546799e+00
6.620841326793787118e-01
4.528846499174361107e+00
5.494141783531768297e+00
3.581691487288104270e+00
4.489365841191133910e+00
4.401055559371169323e+00
2.815995055054168361e+00
1.780783304965563918e+00
3.597147097937823723e+00
4.387155958334862049e+00
4.360642846435553110e+00
2.154561169036052881e+00
1.779544369294778772e+00
2.700651526767760213e+00
4.556855115191727812e+00
2.732217736233223171e+00
2.316925481325661451e+00
2.404432930485679965e+00
6.640676100187592468e-01
4.671298965753337917e+00
4.691980991472854967e+00
1.543241655361065279e+00
2.991543413679133234e+00
2.432222301965717204e+00
3.571574215235133742e+00
1.956642824336233044e+00
2.483314935819650238e+00
3.645043348891947588e+00
3.059519056064449849e+00
2.841738190641623696e+00
2.294065966880402208e+00
3.425820983269675768e+00
3.254774949378418825e+00
3.514295743828694807e+00
2.249791170456908684e+00
4.105244036717357048e+00
5.299065659950842111e+00
3.395909318344360717e+00
4.070588779840575100e+00
4.217954808130338407e+00
3.399909967057705096e+00
5.067909170334213620e+00
3.167304421984222351e+00
1.936147233633241260e+00
5.433602051772926878e+00
4.161460264689834432e+00
3.241631314431739241e+00
3.733295729843734811e+00
3.552108977220510777e+00
5.398024244313290865e+00
9.555956260582120221e-01
2.490465176978560180e+00
1.200376636338986280e+00
6.966971305396048919e+00
2.569350365289875704e+00
3.508682205272627641e+00
6.634441107188628450e+00
2.644843794535306714e+00
3.022738731224881903e+00
2.114113927939707871e+00
2.391690372795267194e+00
1.442174672538652835e+00
3.194491231360018002e+00
2.991335014658059954e+00
2.920930029985138177e+00
3.057522925289851479e+00
4.449993220708054587e+00
2.957073369176092204e+00
3.440699025679645473e+00
6.750403347867289128e+00
1.466671226538859285e+00
5.525365928494365697e-01
3.330340736983232741e+00
2.834086784562883210e+00
2.286376000763630678e+00
1.338003734378775622e+00
4.166593737652963370e+00
4.217548770498546595e+00
4.182541644818991600e+00
4.566059705874843999e+00
2.211067738664417082e+00
5.560996164094095917e+00
2.062828069451344781e+00
2.597033933100151071e+00
3.598517026379336681e+00
2.544990504802054243e+00
4.273574897168942677e+00
1.583363311827494790e+00
3.231009518585544082e+00
1.202073950732975849e+00
3.335233588503284441e+00
3.381362122067773424e+00
1.706756903313625395e+00
3.792691341178241693e+00
1.389733059081841304e+00
3.666343864145221509e+00
2.519685408387918102e+00
3.361685896769583959e+00
2.318347088466268691e+00
1.969532066105844859e+00
3.904438442231061845e+00
4.507697210257008535e+00
1.756743872418252694e+00
2.670735869761142744e+00
3.905109224466199791e+00
4.449993220708054587e+00
4.545580370406016257e+00
2.946021348034832954e-01
1.761049146234404894e+00
5.323111410457359582e+00
4.671298965753337917e+00
1.847855919079029352e+00
3.691379107023118333e+00
3.505074921563084089e+00
5.446034300363221448e+00
3.424810537830651924e+00
1.956642824336233044e+00
1.187990156337135339e+00
2.819471549833906465e+00
3.682344013528276339e+00
4.351221863937935197e+00
4.753422646080817771e+00
3.582518932178004434e+00
2.497187289249128472e+00
1.685381160114965304e+00
3.069827252192442124e+00
2.685095437648721717e+00
4.758215862870054380e+00
2.846825305917516591e+00
3.813847655993620300e+00
4.226169079396601802e+00
2.496071835651237691e+00
3.563273870631962215e+00
3.901515109703795225e+00
2.184790920678473469e+00
2.480303635174217813e+00
3.068082123661946436e+00
5.727605142342802935e+00
3.847026106232551257e+00
4.253236635626110207e+00
5.537863923749029915e+00
4.868396512752052985e+00
2.128129826239455014e+00
5.398024244313290865e+00
3.249059858084234698e+00
2.108123357530655717e+00
4.169972556230264971e+00
3.081662723641680479e+00
5.237387541611489894e+00
2.121786252385107208e+00
1.845001318054047879e+00
2.527209929173245051e+00
3.286461480764348408e+00
1.091479314550332758e+00
3.159766379955163629e+00
4.043704253777064217e+00
4.707889662541508535e+00
4.803112246367247096e+00
5.150698726733404342e+00
2.952103482100133292e+00
2.475314690652976157e+00
3.089523980790733759e+00
3.662267412543646294e+00
5.088688469379312629e+00
3.665626385823214317e+00
4.148496653643900522e+00
2.127099652342454572e+00
3.525759063668585380e+00
5.906788700037641782e-01
1.792261673105731035e+00
1.901205325092064191e+00
3.345182506248892018e+00
3.751167384885599088e+00
3.749201107183708359e+00
1.921469600932551591e+00
5.553886413101022157e+00
1.649748822149192717e+00
3.379377268598969142e+00
1.929381180176193089e+00
4.041512990644575254e+00
1.972539618832036323e+00
1.080478001526925524e+00
8.832738521629694972e-01
1.369075087434704407e+00
3.995702633888075894e+00
1.643953011260254726e+00
3.650658032182178214e+00
3.458589232739792241e+00
1.206838667268475884e+00
2.760554332890060802e+00
1.742413043480224522e+00
2.741893097544385327e+01
2.239343463637666787e+00
4.437777038823567111e+00
1.767166368366911211e+00
6.039925241856558991e+00
7.175608273955186966e+00
3.288654299268202408e+00
2.380730757895474170e+00
3.612032427071348195e+00
1.764172312734473724e+00
6.340037453704177040e-01
2.783717583930295447e+00
2.787532159643594909e+00
2.163259008698113384e+00
5.166455869044010107e+00
3.347918070658164602e+00
1.295373007156721101e+00
2.496071835651237691e+00
5.004883384840709049e+00
3.995174385082017388e+00
3.127337833177148418e+00
2.700993013760694339e+00
3.769659648616213943e+00
3.611908911022317703e+00
2.552685876692584177e+00
3.068125224264993456e+00
1.529239447452978462e+00
4.987453225053020134e+00
3.073550376198605161e+00
3.059918322858925954e+00
3.342437191193101675e+00
4.289959183432048739e+00
3.194837145473527151e+00
4.068380616490078872e+00
4.227913832044287723e+00
2.712967697496092789e+00
2.336700721514158197e+00
1.855948655425651239e+00
2.672985237022633243e+00
3.921345287310427086e+00
2.829328423886550148e+00
2.213996694693148193e+00
2.846825305917516591e+00
7.412597735357993045e-01
3.801803121516078132e+00
4.070588779840575100e+00
2.326927063509857341e+00
3.770846718196264824e+00
1.641930598820299236e+00
3.844003426090773168e+00
1.335380409971839377e+00
2.475314690652976157e+00
2.661366313319461607e+00
3.769912666231314713e+00
1.648857473683504882e+00
2.679594511262712864e+00
2.458678125719152785e+00
1.245883920469634809e+00
3.404102299511109653e+00
1.684244449765898377e+00
2.696536293741006673e+00
1.719145059194928216e+00
3.175444705272192802e+00
3.721389559049027795e+00
1.545758360408976184e+00
2.484365097284093160e+00
3.932784089021009510e+00
1.526575866008751836e+00
2.369904198586295863e+00
3.779083043060755820e+00
1.869594360617641282e+00
2.876696378049725666e+00
3.036302711400840515e+00
4.814220959647766418e-01
5.619613562116408723e+00
4.009943495509008748e+00
2.602140387859951609e+00
5.292245551163397899e+00
7.297205263476280734e-01
3.508010309568467378e+00
2.725370702008766077e+00
3.084568693489635027e+00
1.226451932971666103e+00
3.792691341178241693e+00
5.280545414400318549e+00
2.305279718811323875e+00
2.685115732792697774e+00
2.211614170686340586e+00
1.840660184038576563e+00
3.897877429874027300e+00
4.748883132473365798e+00
3.735556062043632330e+00
3.590393364963249567e+00
4.383749166991996127e+00
4.968982172585662660e+00
2.633531112136102692e-01
4.667593951476327163e+00
2.755440928329726091e+00
4.212505422163197011e+00
7.687534713757813165e-01
2.320593465746783046e+00
4.108502678860460833e+00
2.229406645283062538e+00
2.006201109946463390e+00
2.770289765589139641e+00
2.854392550861606370e+00
4.009472336142266613e+00
3.698290064240337571e+00
3.451976973390495473e+00
2.778721751003134344e+00
4.776908370583718977e+00
5.521630943885392995e+00
2.443075199196361069e+00
2.556769611720284718e+00
3.388267797246592661e+00
4.341299920141571178e+00
2.972848441950029841e+00
2.876037890113912088e+00
1.554869333195030734e+00
3.404102299511109653e+00
4.134254597972453205e+00
1.810507600824035279e+00
1.567689997883737973e+00
1.246730784464844533e+00
1.529473823952421929e+00
2.074798825965481264e+00
2.544990504802054243e+00
3.496252933846283106e+00
5.508194843705751076e+00
3.544315562511765716e+00
1.626945529719558303e+00
1.362454060677941392e+00
2.793233976326807699e+00
3.064451688571296906e+00
1.389733059081841304e+00
1.131912733313753527e+00
3.387192244538644648e+00
2.744632614126977455e+00
4.680150025568386774e+00
3.325606406286858441e+00
2.602098834424476426e+00
3.061525158160793403e+00
3.491159090866117420e+00
4.516427239971533503e+00
2.541156370761758154e+00
1.984086190101845171e+00
2.061749533582093008e+00
1.247537813203963175e+00
2.694339719017580403e+00
3.223055569807192100e+00
4.773696143696432692e+00
2.071363499140263631e+00
2.854330238162053668e+00
7.113695847910198822e+00
4.337379006599858755e+00
3.516932303333767162e+00
3.175998545271302209e+00
1.885359646075736473e+00
3.173926137915565882e+00
3.643564133148398110e-01
3.566577610251528974e-01
3.357001026980729996e+00
6.344011318025591706e+00
1.529473823952421929e+00
2.755440928329726091e+00
3.240023928665883179e+00
2.129427698331644692e+00
4.895610919331483402e+00
2.642525670891736400e+00
1.213515968351302599e+00
7.855387648626344088e+00
3.685920142312292924e+00
7.515321475472910961e+00
2.355670035992379230e+00
1.331663528343786096e+00
1.426174958594337960e+00
3.284058444809883071e+00
4.595156054205528307e+00
4.888496317128135260e+00
4.180519094255627621e+00
4.477145670904258523e+00
4.621347147357395713e+00
4.505006071626478814e+00
1.091745500222132126e+00
3.675667093889141590e+00
4.034744309810132101e+00
7.331480508099108562e-01
4.173631985767864094e+00
2.336966143781400884e+00
1.427827237653908732e+00
2.443083141263242108e+00
2.790362424959461407e+00
2.205178996874453290e+00
5.703896109715305585e+00
5.966133756435573865e+00
5.296291817816028313e+00
2.131086187345509586e+00
5.591197952557961592e+00
1.554869333195030734e+00
3.362551949185732525e+00
5.727605142342802935e+00
3.856023272995141138e+00
2.089684546259383602e+00
5.002208392989593300e+00
2.724192329807989310e+00
2.783717583930295447e+00
2.336966143781400884e+00
1.542125902888213052e+00
2.672514089707020979e+00
1.260468791608541306e+00
5.734043735368295813e+00
1.139947094243753067e+00
2.250072453974642173e+00
3.671614095415469681e+00
5.641036673524442158e-01
6.667732323675765294e+00
2.247689274498503309e-01
3.316957356852297423e+00
3.422320776186956071e+00
1.369075087434704407e+00
1.545758360408976184e+00
4.182878642782934975e+00
7.243334785769365070e+00
3.225164361671663649e+00
1.101603344416975272e+00
2.369157974216610008e+00
1.296267681934303084e+00
4.516124624574373136e+00
2.197325682835161054e+00
1.674608417877409883e+00
4.906793187521504507e+00
2.952103482100133292e+00
3.690675740416486050e+00
2.703545106441163526e+00
2.259184916193768267e+00
2.140621053280489239e+00
3.780700125680949597e+00
1.754711074843682939e+00
2.501221502306516964e+00
2.921181057565450878e+00
3.424811298038261231e+00
3.077752835204893067e+00
2.114113927939707871e+00
4.921418041450220215e+00
2.092377384167183330e+00
5.359423992954193139e+00
4.269154433011616234e+00
2.718073572212378330e+00
3.792691341178241693e+00
2.149958113780041202e+00
4.155182126510866603e+00
3.362725227812477513e+00
1.703466985548732548e+00
4.671298965753337917e+00
3.124002941236110331e+00
1.231088417378152222e+00
8.741319375170384376e-01
5.470494913936984283e+00
3.988312475931904633e+00
9.124640743271328347e-01
2.182622229770417199e+00
3.919458866781224238e+00
2.307569174482796637e+00
1.679020305025744619e+00
1.778447513924573453e+00
3.330184748288817609e+00
2.834589592655034629e+00
5.119132004375606115e+00
3.019421219196463113e+00
3.086384356558288022e+00
2.967739176049702721e+00
2.852568188368237667e+00
2.735531083461990143e+00
4.014854219412813841e+00
2.717561122332241119e+00
2.939887296160254238e+00
4.419338720332996573e+00
6.197027439547452055e+00
5.004883384840709049e+00
2.712072199133360950e+00
6.431669691890837370e+00
2.657010916858093985e+00
4.543927224893781869e+00
4.016976642216820714e+00
8.099349677609837261e-01
1.052504777769372124e+00
4.410808201737622447e+00
3.008095829245909680e+00
3.864196488234115545e+00
2.788473917696317361e+00
2.270625601771556035e+00
1.841380861172082328e+00
1.183601304191944426e+00
1.413865875855205179e+00
1.514089264098217313e+00
4.671298965753337917e+00
4.649889836083694661e+00
2.664589932293845997e+00
1.766782082790756103e+00
3.803195457965195647e+00
3.970996865717415947e+00
2.536056823900020518e+00
2.875657745833767542e+00
3.776313108110020078e+00
1.543241655361065279e+00
1.484162209208801819e+00
2.913466659521544599e+00
5.359423992954193139e+00
2.813000564528476133e+00
3.268619229542715665e+00
1.929514556861909647e+00
2.049237949907039447e+00
2.054117833075441268e+00
5.233164064716722130e+00
5.955666883375993592e+00
3.406121057310854461e+00
3.749897784927520572e+00
2.393594109878286247e+00
6.082677754732523923e+00
4.799818818605442239e+00
3.991269009057482720e+00
3.410312524489645281e+00
2.012557821769704880e+00
1.103109470408952797e+00
2.918598850988479487e+00
3.353953666168486336e+00
8.163959359880825772e+00
2.409870743098360357e+00
4.244086443488765070e+00
2.968487474202126108e-01
3.844003426090773168e+00
3.104824029614729142e+00
4.260767185224944242e+00
1.855948655425651239e+00
3.527440521776513460e+00
2.564058117532306280e+00
3.060761811834113999e+00
4.428929735992274352e+00
1.552227769587996020e+00
4.935134022682804655e+00
5.808189508927811495e+00
6.620841326793787118e-01
6.229820414336883161e+00
1.840148606797364472e+00
1.524998520835179061e+00
6.925391677503633048e+00
4.521932304731566710e+00
4.307413659205912460e+00
4.574599365933584849e-01
5.377313860285251934e+00
2.714685137570176821e+00
5.736382504378795488e+00
2.326994920007171785e+00
3.294590020070105041e-01
2.632739522728589687e+00
8.707543206354084742e-01
1.655902686498305965e+00
2.441723942821894866e+00
4.327493755811954834e+00
4.678560372747632812e+00
7.931154644688298561e+00
5.223740132777782819e+00
2.626472750850358917e+00
3.596366463405987535e+00
3.935910302247842107e+00
4.049054639841667580e+00
1.847395542202076468e+00
6.478422916428996814e+00
1.485161204563473891e+00
2.206438622151281503e+00
6.483806551265699269e+00
3.214085707146010051e+00
3.330340736983232741e+00
4.339351352795101313e+00
3.212097518853052946e+00
1.532427536599715090e+00
8.849393248472409823e+00
2.235684028604391749e+00
1.759840958277800071e+00
2.790544714798743442e+00
6.082677754732523923e+00
3.641246110750199438e+00
2.225981896645571556e+00
3.494302765830691548e+00
7.119050483177957744e-01
3.076085405053047950e+00
3.027615942435765817e+00
1.869594360617641282e+00
2.732579479935922429e+00
5.280545414400318549e+00
2.745762594749641572e+00
2.730550394629447375e+00
4.381598898381616536e+00
4.585501926825005015e+00
3.290328135906375628e+00
3.104824029614729142e+00
2.229328917489793227e+00
1.335545348208025285e+00
4.033889991559740373e+00
2.626253511395917339e+00
3.758162008330947934e+00
2.380466628091475023e+00
2.316925481325661451e+00
4.048207864236847087e+00
3.904438442231061845e+00
1.386329560333669386e+00
2.082757094962247812e+00
2.542889672237845122e+00
2.413623077737097944e+00
1.679020305025744619e+00
2.037521782436543916e+00
3.456923010434739929e+00
1.324214241380618606e+00
6.686643646943409180e+00
3.897292323412072435e+00
1.337301721863449089e+00
2.493648507439710116e+00
3.036247199460806012e+00
3.304487541292143504e+00
4.888496317128135260e+00
4.424501902459051728e+00
1.582962658256515276e+00
2.246099227008795385e+00
3.125755747626870917e+00
2.488753831171820252e+00
2.636062242277465550e+00
2.133201462342105614e+00
1.982198397187106220e+00
3.135201190787214820e+00
1.546067129182318922e+00
3.722153615444383945e+00
2.400813555155873580e+00
4.890180412304671265e+00
2.330824071820944532e+00
1.768181849045866061e+00
3.653858075431519303e+00
2.775135270514403452e+00
3.737782793874925513e+00
3.778639129512980865e+00
3.440591488718180990e+00
2.380466628091475023e+00
3.770846718196264824e+00
3.060761811834113999e+00
1.126783564074441912e+00
5.623224200236499826e+00
3.075706659176478563e+00
2.630814108755969105e+00
1.285536711092797990e+00
3.902039577533995107e+00
4.535096134305604210e+00
2.829989013861916813e+00
1.023110050677377147e+00
2.988336414202354518e+00
3.068082123661946436e+00
3.562870517495289047e+00
3.076085405053047950e+00
2.823746524847683848e+00
2.852568188368237667e+00
4.122685057514269502e+00
5.776995278425002489e+00
1.340451371519068680e+00
3.805827596141190039e+00
1.857378359200170248e+00
4.309882972019281056e+00
4.152130103983835419e+00
2.931761567935916357e+00
3.126454223772712204e+00
7.098942592388863826e-01
5.236367739523438480e+00
1.989044871795304203e+00
2.661553135577817031e+00
3.552292887425646306e+00
2.113107955834103713e+00
3.223436295624383163e+00
4.386158363767336255e-01
1.970391086326698016e+00
1.932083794303594004e+00
3.505074921563084089e+00
3.647261672323384829e+00
2.432222301965717204e+00
7.113695847910198822e+00
3.736305894490785651e+00
3.388267797246592661e+00
1.814565932346575483e+00
1.226430036771941623e+00
2.746387987514459006e+00
1.769042423241298678e+00
3.226622665131329004e+00
1.733100640142425153e+00
2.751285393145287639e+00
3.350073911497708057e+00
2.933514421225672297e+00
3.623872135041108056e+00
2.698533204647599604e+00
2.347986737125186796e+00
3.671614095415469681e+00
2.490898714149007098e+00
2.931761567935916357e+00
1.034281112798761004e+00
1.571790717172314444e+00
4.915265871510738904e+00
3.443540220336866575e+00
2.400813555155873580e+00
3.698461130147644660e+00
4.826747115030484814e+00
3.119533140811461713e+00
1.699884192792327164e+00
3.440591488718180990e+00
2.712072199133360950e+00
3.266073905094156959e+00
2.486350801703113955e+00
1.717474594779575758e+00
2.833977302478879245e+00
4.105244036717357048e+00
3.423439781490855260e+00
1.342511165300808162e+00
2.965749120369681080e+00
6.652442634034256841e+00
3.825030779089807265e+00
5.955872923061496849e+00
2.330824071820944532e+00
8.058653981146619572e-01
2.991543413679133234e+00
6.147905613089321264e+00
5.828818730164487150e+00
1.555790953192286441e+00
5.487363265947809765e+00
1.344638998010730946e+00
3.316957356852297423e+00
3.853014731597647291e+00
3.038672409056943025e+00
4.048666904068255690e+00
2.688946293056365455e+00
3.942669679843497921e+00
4.401055559371169323e+00
5.142560920696988447e+00
3.677625161432331424e+00
1.426174958594337960e+00
3.837806886873766921e+00
2.505606061348570890e+00
3.222915349660230078e+00
3.077752835204893067e+00
5.461494835082886468e+00
4.138552936078752964e+00
5.069010636093095989e+00
4.869127482052647338e+00
8.361639306123477056e+00
5.650111612843998543e+00
2.259335747384584980e+00
4.846555933328152932e+00
4.890180412304671265e+00
2.744632614126977455e+00
5.671679273550767952e+00
3.632233056720012065e+00
2.638376962851483487e+00
4.810078554759346758e+00
3.768042119151608915e+00
4.936827017102289439e+00
3.465645392858874629e+00
3.304675502083510796e+00
7.764746374619964087e-01
2.685115732792697774e+00
2.051677646637560137e+00
5.398024244313290865e+00
3.662128448597298025e+00
1.316166774312818921e+00
3.130824839177236640e+00
5.881735407246118541e+00
3.579392735254738334e+00
1.805639863200648287e+00
3.281363188036285905e+00
7.920251433624057036e-01
3.649404666091944360e+00
3.647261672323384829e+00
2.190905076847944777e+00
2.478812635188416547e+00
2.619707329240421601e+00
4.419338720332996573e+00
4.542449460345441281e+00
2.235684028604391749e+00
2.552685876692584177e+00
2.264928666174203187e+00
3.816877825199092023e+00
2.527209929173245051e+00
2.877672177743362703e+00
5.176248535103670001e+00
5.408455663826662319e-01
2.196795118951810455e+00
3.537599046633982169e+00
2.410271477489097425e+00
3.256875072934942494e+00
3.483781581360000601e+00
1.558217215068088413e+00
2.246099227008795385e+00
4.956785416215240048e+00
3.130015532420634461e+00
2.165072851876507887e+00
1.805639863200648287e+00
2.908873412849280360e+00
2.382779856284669595e+00
7.092727529085089966e-01
3.410542117893122338e+00
1.627545523600627098e+00
1.637862837521989912e+00
2.173818675329631578e+00
2.049237949907039447e+00
4.424501902459051728e+00
1.826071616932657626e+00
1.668251414006955091e+00
2.399421251454744386e+00
2.902089767510110274e+00
4.176865577173363597e+00
2.886253916306533718e+00
1.372369405942851062e+00
4.307413659205912460e+00
3.645043348891947588e+00
2.726628239791774266e+00
7.490110708891807967e+00
3.598517026379336681e+00
3.900962690439665703e+00
1.597449900749817964e+00
2.631357592204125684e+00
5.282822903399967629e+00
4.815416177793238717e+00
9.250221184689998433e-01
7.459060570038652749e+00
2.626559813562836077e+00
7.246194538474431956e-01
2.650093403842167739e+00
2.220852134990441318e+00
1.658022011728973233e+00
6.386808692983088953e+00
3.737400913630414045e+00
2.272528911755014924e+00
1.413145872255781033e+00
1.329037446283747981e+00
4.962772222418574408e-01
4.307413659205912460e+00
4.826747115030484814e+00
5.037659973582071515e+00
3.494579194931132005e+00
4.937173771691228730e+00
2.950317207996303370e+00
4.543513315056040724e+00
3.500547589805861115e+00
4.723932453660764530e+00
3.411866666150834781e+00
3.635384523833288473e+00
3.506723194631438556e+00
1.675892842417594508e-01
2.316594487451283157e+00
1.670750576480534821e+00
3.090200331234996600e+00
2.758757509647685957e+00
3.599970497831014082e+00
2.701600724239939133e+00
1.840701730767804856e+00
7.638953551277807286e-01
3.144351579000118413e+00
5.004529663967545616e+00
4.148496653643900522e+00
3.716275446786053926e+00
4.209013912521060163e+00
7.759126213465155075e-01
1.099054627553221586e+00
3.005402234416001406e+00
1.867692027766911345e+00
7.558557348929702435e+00
6.712522053304541991e+00
4.899243704640829478e+00
4.807835816966311349e+00
2.819948361543757276e+00
2.246099227008795385e+00
5.356613462803849757e+00
2.425662675474642427e+00
4.643538828911789373e+00
2.660977402217384213e+00
5.238659380509656849e+00
3.866434629664669664e+00
2.877353114789804600e+00
2.139029219066172161e+00
1.958931938154676144e+00
2.707681819116686484e+00
2.730065519924516515e+00
3.717143441285785777e+00
3.998999977846636522e+00
4.353797973371284158e+00
4.850712658322988702e+00
3.154255380292397160e+00
3.456942334776904158e+00
4.595156054205528307e+00
7.549780270090682421e+00
5.906788700037641782e-01
2.927917703573181818e-01
5.881735407246118541e+00
3.530582380521258390e+00
2.976119759699029199e+00
2.616441322447424778e+00
2.615633618954479989e+00
2.726624336924847736e+00
3.223436295624383163e+00
3.480909314434245339e+00
3.363838618448991014e+00
8.925355436722963720e-01
3.200226679022458942e+00
2.082757094962247812e+00
5.641036673524442158e-01
3.590393364963249567e+00
5.630730709954105961e+00
1.454061439045354565e+00
2.565375347098015624e-01
3.540136318428585671e+00
2.932980361960246363e+00
7.219708500667110229e-02
2.109271649599576470e+00
1.099054627553221586e+00
3.583129553861420735e+00
2.724112511794875235e+00
4.327557759354101030e+00
3.386987057591377415e+00
2.744632614126977455e+00
7.317216716254808517e+00
3.449310474872221199e+00
2.875056879774046337e+00
2.310559970624812109e+00
1.956642824336233044e+00
3.260280744710622347e+00
1.914458335185646787e+00
5.554636999566104905e+00
3.173831859491922369e+00
1.649782082748541434e+00
1.932083794303594004e+00
4.114071558405006712e+00
1.545692505187821641e+00
2.767129274226761915e+00
5.686038891143899932e+00
2.424112431311686855e+00
3.047291419810263413e+00
1.381801484861021612e-01
4.052208471024531633e+00
3.865028374813156198e+00
2.171433656753878783e+00
4.232984358031249172e+00
4.590176829848499729e+00
1.517328442011060652e+00
1.990700470658387733e+00
5.109383662948472349e+00
6.652442634034256841e+00
2.035669170051592758e+00
1.780783304965563918e+00
2.316925481325661451e+00
4.309224608526243117e+00
2.100933585091870004e+00
2.104106943182222356e+00
3.094140100047033215e+00
1.828544811009252147e+00
3.648901266470915061e+00
3.378487357492336862e+00
4.124907380346886754e+00
2.533052253531202780e-01
9.148133405971559107e-01
4.314582848209686183e+00
2.472055614660634504e+00
3.612032427071348195e+00
5.286703683501418283e+00
2.950891160342797193e+00
2.726624336924847736e+00
2.207494736852894324e+00
4.655491604825239271e+00
3.749897784927520572e+00
3.941701754700282390e+00
1.333255013677725920e+00
2.568589855506426822e+00
1.437869254655281370e+00
8.829627986408634666e-01
7.975329747317496665e-01
2.962958940982114431e+00
1.333255013677725920e+00
1.397506488582691553e+00
6.630181359693492205e+00
2.045024619964291634e+00
1.405959011816288129e+00
5.469066947801167977e+00
2.984248678203958782e+00
2.723929388388937944e+00
5.021713954168501637e+00
3.291437733223743667e+00
4.336716508815695370e+00
4.305261956377678167e+00
3.642684022790695142e+00
4.510106937408645322e+00
4.305261956377678167e+00
2.582525998359049169e+00
1.386329560333669386e+00
3.194491231360018002e+00
4.711445249387990586e+00
3.527392771937575056e+00
1.730777438242023347e+00
2.828680136373709519e+00
4.172933239349292833e+00
7.145996821580108183e+00
7.014050339989256422e+00
3.643564133148398110e-01
4.001937716328026973e+00
5.193845043178192178e+00
2.829989013861916813e+00
4.660614551917467985e+00
2.249791170456908684e+00
1.015158140971826661e+00
1.582962658256515276e+00
7.687534713757813165e-01
4.695263970461324377e+00
3.589297922294664378e+00
3.930323938744981760e+00
2.527209929173245051e+00
3.216799541823477160e+00
2.988996437391156391e+00
3.227862053058271119e+00
1.912871449845142457e+00
2.369157974216610008e+00
1.734154415785952086e+00
2.833258085824032158e+00
2.463760883052820816e+00
2.153335730134499748e+00
5.090065329245245351e+00
4.032720631601535821e+00
4.290903694668495305e+00
3.612032427071348195e+00
4.655491604825239271e+00
5.833462458712953769e+00
3.695549889027167634e+00
2.452475423929234566e+00
3.443540220336866575e+00
3.612032427071348195e+00
2.370616516692758857e+00
5.787452870085823875e+00
3.200226679022458942e+00
4.709601235177037104e+00
2.344279039388876384e+00
2.271693264921104571e+00
4.803607034911972384e+00
2.475314690652976157e+00
3.119533140811461713e+00
4.907629623948990272e+00
2.117974146530460011e+00
1.222723382016863258e+00
1.725561189962689257e+00
5.065478989030037127e+00
4.650278439292342192e+00
4.769184005125413961e+00
2.503077192345182223e+00
3.645464764152607451e+00
1.385250821113233721e+00
2.213736639324131339e+00
3.971509628422836169e+00
1.226430036771941623e+00
1.823231610335811936e+00
3.560358952991666381e+00
1.291325259114733726e+00
4.743533728784353087e+00
5.487212099792557751e+00
3.899070669862011673e+00
4.799818818605442239e+00
2.568158049406426002e+00
4.019033624897876855e+00
3.144351579000118413e+00
2.259822958543613591e+00
2.558135183786460765e+00
3.530920681748395573e+00
3.791073901049520245e+00
1.787354124623228069e+00
4.700588170018566103e+00
2.602098834424476426e+00
2.602140387859951609e+00
2.220152117825082705e+00
3.692683343550551278e+00
7.233571783341332662e+00
1.015158140971826661e+00
7.558557348929702435e+00
2.221386700743174458e+00
3.088643674747608259e+00
3.798494734900953684e+00
2.603351447041027278e+00
3.491159090866117420e+00
2.496071835651237691e+00
2.560157563479557474e+00
2.165072851876507887e+00
6.194543562219783084e+00
2.453074716176640191e+00
3.416079370823323913e+00
2.967739176049702721e+00
3.002778960118764662e+00
3.406121057310854461e+00
8.382235925601333459e-01
1.826234788799534492e-01
6.034796918548212652e+00
1.941189897253705610e-01
2.630814108755969105e+00
6.626025691931300088e+00
2.602170177789862482e+00
3.184416795775434572e+00
5.176248535103670001e+00
3.078190926994992527e+00
2.010731882027279482e+00
2.502305852402766817e+00
5.083137453232484670e-01
2.950317207996303370e+00
2.690777616405815031e+00
3.124108264163179882e+00
4.023013973140693977e+00
3.532166066320640674e+00
2.735531083461990143e+00
3.300992177438659692e+00
2.453074716176640191e+00
3.469874149594400770e+00
3.438208310518157340e+00
3.371678494132391180e+00
2.239525487018649841e+00
4.607754474421766666e+00
1.805639863200648287e+00
1.999752996121286985e+00
1.572605511084029350e+00
1.596028653831848887e+00
2.832230646448879341e+00
5.049413802066650803e+00
4.543927224893781869e+00
2.819948361543757276e+00
1.123813571408451395e+00
1.745958379806365812e+00
2.978817968281274986e+00
2.875051528563496106e+00
3.982461079332936471e+00
2.361717794031459317e+00
2.724112511794875235e+00
1.888840018470927973e+00
1.308840904658829629e+00
5.223740132777782819e+00
2.211614170686340586e+00
2.611354293479761779e+00
2.220152117825082705e+00
4.341299920141571178e+00
4.609273214126631046e+00
2.280325266307049237e+00
2.032518236829026215e+00
2.744632614126977455e+00
1.347568264840463659e+00
2.724192329807989310e+00
4.835795296135936283e+00
2.400813555155873580e+00
6.525509871577585663e+00
2.656113698148077962e+00
5.055996384496042495e+00
3.179253958860287277e+00
1.410221904543467630e+00
2.554497946169705713e+00
4.487582796657720863e+00
1.733100640142425153e+00
3.277266712424465211e+00
4.075744476168262409e+00
1.405478973099963280e+00
3.552292887425646306e+00
2.862177913068574941e+00
3.900962690439665703e+00
4.232196688098484927e+00
3.733295729843734811e+00
3.642684022790695142e+00
4.151992303299118170e+00
1.116767512908487525e+00
5.892713115420413317e+00
5.116723464323412962e+00
3.116274202759769629e+00
3.480154466290155568e+00
2.082901506291022997e+00
4.043704253777064217e+00
2.198120218790320823e+00
2.841612532459306006e+00
2.631025893814674443e+00
2.605438935653311638e+00
4.226169079396601802e+00
1.317535910773633745e+00
2.484564985203970622e+00
4.074532134767908431e+00
4.339351352795101313e+00
1.213515968351302599e+00
2.616441322447424778e+00
6.370498401367052921e+00
4.053549207434545387e+00
2.153335730134499748e+00
2.890478676316871720e+00
5.892981309750028984e+00
9.532258718372030870e-01
3.551162861393015291e+00
3.900962690439665703e+00
3.411021627452099914e+00
3.788595590462732865e+00
4.907629623948990272e+00
2.922244906940584031e+00
5.787139619416700853e+00
7.705717249725823059e-01
2.783717583930295447e+00
1.408882245041174208e+00
3.160219864378652765e-01
3.774661576990699707e+00
9.542235305376442156e+00
1.560655808902087438e+00
4.205775489066858164e+00
4.337383736240258969e+00
4.403705256382742128e+00
2.763592158693811029e+00
3.410542117893122338e+00
5.596989894680060473e+00
4.641034415181754191e+00
4.586385453645675625e+00
3.610381156040101569e+00
4.397057362308808948e+00
3.230426721341853380e+00
2.536056823900020518e+00
2.619707329240421601e+00
4.324005693415297280e+00
3.838949075197252370e+00
3.391439877227675037e+00
4.188561631151679343e+00
1.965972836229520126e+00
3.064451688571296906e+00
4.321389940501458860e+00
3.223436295624383163e+00
8.917321656360615023e-01
2.286376000763630678e+00
6.429465374890180662e+00
2.259184916193768267e+00
2.531410486339604304e+00
2.070389204651177373e+00
7.646904543745796090e-01
2.630800289046292484e+00
5.323111410457359582e+00
2.572311734786937976e+00
5.276242743893812204e+00
6.848029198430491959e+00
1.580598239597677424e+00
2.545780562616845266e+00
2.877672177743362703e+00
3.606862537753100728e+00
1.873682404586237249e+00
3.483781581360000601e+00
1.852032611893273950e+00
3.335679841584850980e+00
2.334474233869833437e+00
1.724100536429808317e+00
1.933786206311278288e+00
4.306306044312248282e+00
4.814154007365292642e+00
2.538645497047878674e+00
3.036247199460806012e+00
3.436201421764767172e+00
7.450563507389135864e+00
1.173812914784470696e+00
2.467181258538182931e+00
4.697759197561704347e+00
3.308206236629440244e+00
4.937713594225964009e+00
1.913356527994167777e-01
1.836278220082499857e+00
8.434337173334267579e-01
3.105889513559815907e+00
3.559215423470739381e+00
1.350564831164079216e+00
2.264732699934848270e+00
3.352793515607132235e+00
4.419338720332996573e+00
5.223740132777782819e+00
2.369157974216610008e+00
2.070389204651177373e+00
4.244078885895877562e+00
1.778642889789440407e+00
3.779686085489698755e+00
2.685115732792697774e+00
1.418002223697537811e+00
3.705834162397130260e+00
2.601327690471912035e+00
2.429961354531758211e+00
3.905310026412384339e+00
3.786026779580305313e+00
2.424112431311686855e+00
2.602170177789862482e+00
4.830198636008608659e+00
2.908542214652805047e+00
5.055374763868774934e+00
6.273980364295306700e+00
2.852568188368237667e+00
2.308784474522416197e+00
2.802286781195061582e+00
2.703325968343861518e+00
2.804864947509713158e+00
1.503134108249858159e+00
1.543241655361065279e+00
2.034625087665090426e+00
3.371678494132391180e+00
2.526441020174620355e+00
3.473231481634766915e+00
2.959742563898335455e+00
2.336929846858462945e+00
4.596326760703934866e+00
2.640922408139332322e+00
2.380938358994852955e+00
2.100933585091870004e+00
3.768599589101699010e+00
8.634222435767750170e+00
3.523149118983065264e+00
1.200475578165520973e+00
2.659193434254749189e+00
5.683153005065140206e+00
2.672867399627981477e+00
1.256123009701233251e+00
6.532513364835918601e+00
2.685115732792697774e+00
1.427388805630343871e+00
3.000365997985435573e+00
3.064451688571296906e+00
5.296291817816028313e+00
2.262190628464671782e+00
1.696290211634393863e+00
3.093561647966553974e+00
2.483314935819650238e+00
1.369075087434704407e+00
4.487582796657720863e+00
4.033889991559740373e+00
7.638744231424727360e+00
5.268173690809093479e+00
4.042280891117054686e+00
1.649782082748541434e+00
4.482094549068341038e+00
1.069176288334003466e+00
4.749567825954098765e+00
4.826295172063883143e+00
2.854392550861606370e+00
2.489052307206497616e+00
2.496071835651237691e+00
3.821114788501889681e+00
3.095287598527866724e+00
3.860820687246991678e+00
3.873613720550435069e+00
2.334474233869833437e+00
2.626264960441204721e+00
2.392593835952245840e+00
2.329436838541305121e+00
3.183894490353123441e+00
1.480403371240241572e+00
1.605127525033100078e+00
2.762464487030426241e+00
3.403581018016873294e+00
3.935910302247842107e+00
3.078190926994992527e+00
3.184416795775434572e+00
1.699884192792327164e+00
3.316957356852297423e+00
3.180789078223306809e+00
2.458678125719152785e+00
3.819048023223616806e+00
5.116723464323412962e+00
5.858665361775711844e+00
2.626913341843675198e+00
4.482562782552650837e+00
3.675667093889141590e+00
2.724112511794875235e+00
1.915587488105933600e+00
2.129427698331644692e+00
3.599361830639535853e+00
3.740281968274242530e+00
3.937421749420713546e+00
3.923639958328642763e+00
2.532391826767062426e+00
8.097202636422440314e-01
3.457907858736708029e+00
2.804864947509713158e+00
2.583857886416387029e+00
3.964717597564670903e+00
2.755920152822467273e+00
2.759143753625505457e+00
3.635293766386338277e+00
4.410729225297849165e-01
2.352877971180482586e+00
2.602140387859951609e+00
3.941701754700282390e+00
2.504237005131449756e+00
3.572819155613919939e+00
7.646904543745796090e-01
1.742309249253048531e+00
4.468212847293754564e+00
2.583857886416387029e+00
7.181900086712023068e+00
3.284058444809883071e+00
2.959742563898335455e+00
2.336226631678085752e+00
3.243215152058670725e+00
7.297205263476280734e-01
3.046034170991745338e+00
3.625157325076474368e+00
4.972080538930843119e+00
3.971484997541891548e+00
1.766782082790756103e+00
2.910751345095222042e+00
5.979928565435937315e+00
5.179079572974681689e+00
5.706949895571335141e+00
2.184962884542792860e+00
6.034796918548212652e+00
2.146081101821113002e+00
3.380866458716340173e+00
2.730550394629447375e+00
3.295707782672374186e+00
3.350811958125470724e+00
4.023053599127601743e+00
5.103419090967979521e+00
6.657521349590892257e+00
2.726624336924847736e+00
1.380280311664447535e+00
5.591197952557961592e+00
1.494197551550370484e+00
3.480909314434245339e+00
3.219271732656174834e-01
2.228977579108544660e+00
2.918598850988479487e+00
1.932263696228085692e+00
5.000014105307030832e+00
2.787532159643594909e+00
3.921273505989654851e+00
4.116693027147064754e+00
1.834884609697899016e+00
2.565880597317637068e+00
3.647261672323384829e+00
2.486786300335062982e+00
3.011009926090184585e-01
8.061482811063278575e+00
1.449819136518345042e+00
3.734972828581454074e+00
1.018778559811230000e+00
5.546713789386168436e+00
4.597012595069800867e+00
2.712072199133360950e+00
3.197637843799663315e+00
3.081662723641680479e+00
2.508319286240291213e+00
2.950596552970062181e+00
7.759126213465155075e-01
2.452475423929234566e+00
3.078190926994992527e+00
2.074798825965481264e+00
4.014647414116490509e+00
2.138611348605147455e+00
3.480909314434245339e+00
2.148270593451558685e+00
6.291018613145141991e+00
3.214085707146010051e+00
2.748469612883640778e+00
6.554335402075637695e+00
1.649782082748541434e+00
1.947968734282142123e+00
4.390022000239443223e+00
1.438004673354311702e+00
4.331096183139641731e+00
2.554497946169705713e+00
4.991980589338262941e-01
3.248998554159011842e+00
3.308930427504528371e+00
3.385589224878894576e+00
3.326910994197031179e+00
4.693314248862305860e+00
3.350811958125470724e+00
3.152830007855974781e+00
1.478928212524299957e+00
1.408882245041174208e+00
3.749201107183708359e+00
2.686723443543596712e+00
3.590393364963249567e+00
7.032372994497340102e+00
5.553886413101022157e+00
6.824973013285992707e+00
1.947968734282142123e+00
1.426174958594337960e+00
4.070425417587078876e+00
7.340506551539441205e+00
1.103109470408952797e+00
1.658022011728973233e+00
1.771915756486962312e+00
2.365801224846311612e+00
3.495506852905395867e+00
2.846825305917516591e+00
6.624290670562141159e+00
3.313918251278575422e+00
1.415914951389215748e+00
9.247388917909626471e+00
2.726624336924847736e+00
1.814565932346575483e+00
8.427868646189315527e+00
3.520407849289075131e+00
3.703244212483395081e+00
3.882390601255734985e+00
2.908084679060206401e+00
3.614708717098112700e+00
5.828818730164487150e+00
2.295645229941039922e+00
1.947968734282142123e+00
2.510214111358639588e+00
2.211067738664417082e+00
3.438687163093558041e+00
2.732579479935922429e+00
4.155182126510866603e+00
5.955188846504242406e+00
4.590322433635763311e+00
1.466468113114609118e+00
2.515824718194490828e+00
4.589250623946927732e+00
3.857668183852513089e+00
2.873047816609658689e+00
8.917321656360615023e-01
2.859899445896271875e+00
2.742246169447903892e+00
5.828818730164487150e+00
6.028970438015102573e+00
3.350811958125470724e+00
2.489052307206497616e+00
8.443158644289172621e-02
3.523335417194620067e+00
1.984152394129434782e+00
4.271032718524796934e+00
4.032314544254751887e+00
4.240868847736162905e+00
1.893677008484723423e+00
4.491517348275053223e+00
9.556812759767541188e-01
2.982384493333461783e+00
2.298993614053853385e+00
4.738015902851560490e+00
4.814154007365292642e+00
1.545758360408976184e+00
4.834273722513994898e+00
2.742759101133797284e+00
7.377098469330096719e-01
8.207367593349291113e+00
5.291917487781401697e+00
2.022290114515486348e+00
2.764364299591254515e+00
3.398128198847564008e+00
2.010731882027279482e+00
4.217954808130338407e+00
4.425950434218216323e+00
4.817067486915317609e+00
2.942683515773763858e+00
3.460571302820972583e+00
2.226707895369076873e+00
1.654369645872793892e+00
1.243613626525168048e+00
3.546174445000669806e+00
3.424810537830651924e+00
1.517274619058213592e+00
4.286409314714626717e+00
4.138552936078752964e+00
3.506684257953504025e-01
3.389179457116710648e+00
1.952941949118405240e+00
3.395909318344360717e+00
5.980072977946387702e+00
5.168841765379655229e+00
2.830953645799720420e+00
3.491159090866117420e+00
1.322673224536233816e+00
4.030758300077953216e+00
4.889216971947979218e+00
2.502938783610026086e+00
4.005532635972454791e+00
3.043363567869325159e+00
2.888847974088044168e+00
3.240023928665883179e+00
4.194874084900028777e+00
3.361685896769583959e+00
3.405540203865586868e+00
5.167469201280871616e+00
3.584084104215702116e+00
1.673273664903295321e+00
4.350227312338783570e+00
2.881138738728300286e+00
8.880731346057061160e+00
3.068082123661946436e+00
4.014802031765518642e+00
4.737191276086582192e+00
3.104368401993875981e+00
1.907617651366101841e+00
2.085809683207123566e+00
6.560105550853752021e-01
3.776331758942157002e+00
6.021187595172406759e+00
1.338326303726622202e+00
2.410351980017047424e+00
2.315197759998680826e+00
2.013323565442160401e+00
2.542295022331096721e+00
2.818490134953477977e+01
2.311153269885003692e+00
6.256016238190653667e+00
4.281814674888203776e+00
1.214331694901853664e+00
7.057652751267083246e+00
2.010731882027279482e+00
2.959129462758959495e+00
2.862841938120197049e+00
3.838949075197252370e+00
3.606862537753100728e+00
3.921345287310427086e+00
2.855332846658150014e+00
1.668251414006955091e+00
3.519628295555611519e+00
1.458675625093283079e+00
2.941509034064794914e+00
2.123666614798831009e+00
2.336966143781400884e+00
1.880144882981923837e+00
3.870206061814112974e+00
5.435710656512334538e+00
5.210484920622457494e+00
2.012906110315095809e+00
3.532166066320640674e+00
2.703973393168100703e+00
3.059519056064449849e+00
3.532166066320640674e+00
4.384714314179251282e+00
3.042772097943832854e+00
1.536575502858094744e+00
4.844597077262251972e+00
6.480476069927714633e+00
1.052875873807017193e+00
3.115622441626756611e+00
3.318720750372802897e+00
2.279106707697364786e+00
2.165072851876507887e+00
5.652515541502577179e+00
7.492960143246525817e+00
3.657520875416774953e+00
4.131920504600557820e+00
2.942647614269726652e+00
2.198120218790320823e+00
1.443164595333845668e+00
1.900808371109417916e+00
2.760316588369565061e+00
4.052516964040582259e+00
4.403972263338723714e+00
2.937485311708232683e+00
1.685381160114965304e+00
3.999293527006081206e+00
2.932980361960246363e+00
1.308840904658829629e+00
2.718073572212378330e+00
7.198001355528829137e+00
2.724112511794875235e+00
2.245049990530465944e+00
4.977266753790930309e+00
4.590322433635763311e+00
3.447326502262884951e+00
2.252253540897504180e+00
2.570894378022662963e+00
4.226169079396601802e+00
3.918067425187390818e+00
5.296291817816028313e+00
2.855008443975498800e+00
1.900808371109417916e+00
1.766782082790756103e+00
4.109871715332424458e+00
9.148133405971559107e-01
7.175608273955186966e+00
1.331663528343786096e+00
3.717143441285785777e+00
4.535001226094776960e-01
2.220120814141191445e+00
1.554869333195030734e+00
5.040366472869283854e+00
3.824518037042224705e+00
4.135241764953635268e+00
3.069960672994578754e+00
3.330184748288817609e+00
3.077331620420699743e+00
2.019006174970306766e+00
2.279106707697364786e+00
4.851716957909514960e+00
2.216927834052171420e+00
3.394383271691123305e+00
5.888236287095725885e+00
2.837558073622884480e-01
2.170146138063491215e+00
6.209596617969403987e-01
4.152815882736007325e+00
2.406008544908929903e+00
5.896699258814648736e+00
3.323668001011173434e+00
2.921068674788312336e+00
5.510206189288630263e+00
2.763000685550612179e+00
3.062642343137809586e+00
2.497228611075052562e+00
2.918598850988479487e+00
2.787960559642809422e+00
3.819048023223616806e+00
5.168096212477557572e+00
4.566641376523537410e+00
4.753422646080817771e+00
4.048207864236847087e+00
6.428797760340213330e+00
6.353355565958873186e+00
2.271693264921104571e+00
2.035669170051592758e+00
4.108502678860460833e+00
4.803112246367247096e+00
4.890180412304671265e+00
3.880856898915258313e+00
2.632298649662649037e+00
3.124002941236110331e+00
2.295645229941039922e+00
1.781680228817466460e+00
6.127131838977439848e-01
4.763603880928366507e+00
8.849393248472409823e+00
2.933700554933090121e+00
4.031084679456530040e+00
4.361833617146429809e+00
7.935747078851299818e+00
1.880144882981923837e+00
3.798494734900953684e+00
3.942669679843497921e+00
2.442459296189056328e+00
5.456104648825414571e+00
2.226707895369076873e+00
1.597606677144915333e+00
2.037540244517215271e+00
3.700895376089298416e+00
4.049054639841667580e+00
4.889555684148462866e+00
5.029680842571146115e+00
2.148108640802444569e+00
4.244078885895877562e+00
1.548937125582409591e+00
2.647134465211872456e+00
1.542125902888213052e+00
3.234380128405008659e+00
4.680150025568386774e+00
2.552685876692584177e+00
2.936507573415812367e+00
2.052225106633347007e+00
2.864372107391994771e+00
5.514837124003875601e+00
4.556855115191727812e+00
3.670706616824061186e+00
2.875056879774046337e+00
3.843790113728086322e+00
1.769907851221089290e+00
4.141889874668743587e+00
2.523211504510063374e+00
2.344279039388876384e+00
1.634670911280878602e+00
5.618938202807034266e+00
4.072204140507878378e+00
3.832406313594956426e+00
4.491414143972004780e+00
1.494197551550370484e+00
1.529473823952421929e+00
2.845381977177016353e+00
2.314317162837438602e+00
1.685381160114965304e+00
2.255751405386706487e+00
1.040700062411354487e+00
2.855008443975498800e+00
6.473963320629251506e+00
1.254669300072662086e+00
5.142587793792689155e+00
1.342511165300808162e+00
3.473231481634766915e+00
3.946757414397978447e+00
2.562420883317432896e+00
4.183050883351937088e+00
1.517258263604503998e+00
4.217954808130338407e+00
4.141379918659888304e+00
3.851138965259258473e+00
3.641246110750199438e+00
3.692328553587408635e+00
2.016650001491256283e+00
4.234819980137256579e+00
1.228573565813542379e+00
3.514503086805182974e+00
2.018239104036427811e-01
3.223436295624383163e+00
6.370498401367052921e+00
3.400347758441089052e+00
4.106410488185320062e+00
3.403581018016873294e+00
1.958931938154676144e+00
2.421671550202745937e+00
1.123813571408451395e+00
2.743002276736892231e+00
3.451215141517674390e+00
2.152570529852125603e+00
3.609861036517446387e+00
8.058653981146619572e-01
5.788967468422358209e+00
5.987346919911111343e+00
1.672846786708885425e+00
1.335047664179767057e+00
3.317627590244407010e+00
3.387128152523767088e+00
2.932992904659812439e+00
3.205269948505338196e+00
7.638953551277807286e-01
1.693476821812559319e+00
2.409752793055206510e+00
3.652591651968585040e+00
2.855842948727660424e+00
3.741995847800020147e+00
5.936308018362677075e+00
3.363197138274773401e+00
2.790544714798743442e+00
7.584514328612570466e-01
2.483036789178685311e+00
7.577948950780839965e+00
1.023110050677377147e+00
5.736202416670440840e+00
1.231088417378152222e+00
2.779389810903406310e+00
1.855948655425651239e+00
4.298072525411868128e+00
3.590393364963249567e+00
1.838401314775511830e+00
4.424501902459051728e+00
3.068082123661946436e+00
3.425178966000988368e+00
5.069010636093095989e+00
1.807375785765741760e+00
4.497001842468884902e+00
3.717365903483905498e+00
3.584358836873811072e+00
2.184962884542792860e+00
3.119533140811461713e+00
3.484339293891264511e+00
1.454061439045354565e+00
3.262354226798906964e+00
3.077331620420699743e+00
2.668511675038005571e+00
3.354620351530552824e+00
3.391439877227675037e+00
3.538305797672999908e+00
2.565375347098015624e-01
3.404277529296972027e+00
4.049054639841667580e+00
2.860633814447212764e+00
1.246286415197672248e+00
5.209391430589608518e+00
1.456310597592058054e+00
7.843227556227807540e-01
4.362625780832970257e+00
2.652985297688111643e+00
2.010731882027279482e+00
2.725444730651564562e+00
5.063065499794223712e+00
3.988312475931904633e+00
5.497944724314439036e+00
3.930323938744981760e+00
2.246211246797146455e+00
4.655491604825239271e+00
2.300178589048937017e+00
4.122685057514269502e+00
2.089684546259383602e+00
4.586385453645675625e+00
1.958931938154676144e+00
1.254669300072662086e+00
2.669479845317473954e-01
2.209982518512616512e+00
3.795622589758337107e+00
5.960867496478109651e+00
4.983819715456426991e+00
2.191684679550274240e+00
4.080026541163414677e+00
1.975884363940480837e+00
1.360213651807207214e+00
3.604552939657885258e+00
4.377340001715404938e+00
5.090065329245245351e+00
2.784192936880686364e+00
5.591564155212707554e+00
2.886766820770246156e+00
2.730550394629447375e+00
3.610381156040101569e+00
3.451976973390495473e+00
2.959129462758959495e+00
2.045666487629265173e-01
4.307413659205912460e+00
3.279688053046132978e+00
3.339979088550297348e+00
4.991980589338262941e-01
6.127131838977439848e-01
4.180519094255627621e+00
2.137608945561764617e+00
1.256123009701233251e+00
2.082757094962247812e+00
1.569077030935140504e+00
3.866434629664669664e+00
1.443418642171000466e+00
1.717440317723952559e+00
1.427388805630343871e+00
4.237481819011286177e+00
3.722943384636990594e+00
3.937421749420713546e+00
5.107462448980006897e+00
3.611908911022317703e+00
2.194757811455291030e+00
3.563273870631962215e+00
4.043704253777064217e+00
4.482094549068341038e+00
2.314456411799946878e+00
4.428670080681542665e+00
3.018070522087989982e+00
2.902579241889170714e+00
3.061525064917257399e+00
3.410542117893122338e+00
4.362801285878835422e+00
4.311687226356229807e+00
4.673516721973563826e+00
1.814565932346575483e+00
2.211416597388298211e+00
6.248066217575961367e+00
1.869594360617641282e+00
3.480909314434245339e+00
1.554961135018249729e+00
4.341299920141571178e+00
3.400347758441089052e+00
2.703325968343861518e+00